Kód ADM;Kód obce;Název obce;Kód MOMC;Název MOMC;Kód obvodu Prahy;Název obvodu Prahy;Kód èásti obce;Název èásti obce;Kód ulice;Název ulice;Typ SO;Èíslo domovní;Èíslo orientaèní;Znak èísla orientaèního;PSÈ;Souøadnice Y;Souøadnice X;Platí Od
5604508;580481;Králíky;;;;;20788;Horní Boøíkovice;;;è.p.;3;;;56169;579879.42;1066107.81;2025-04-16T00:00:00
5604516;580481;Králíky;;;;;20788;Horní Boøíkovice;;;è.p.;10;;;56169;580071.95;1066334.87;2013-12-05T00:00:00
5604524;580481;Králíky;;;;;20788;Horní Boøíkovice;;;è.p.;11;;;56169;580134.51;1066347.48;2013-12-05T00:00:00
5604532;580481;Králíky;;;;;20788;Horní Boøíkovice;;;è.p.;12;;;56169;580145.00;1066368.00;2013-12-05T00:00:00
5604541;580481;Králíky;;;;;20788;Horní Boøíkovice;;;è.p.;13;;;56169;580252.52;1066389.65;2013-12-05T00:00:00
5604559;580481;Králíky;;;;;20788;Horní Boøíkovice;;;è.p.;27;;;56169;579831.16;1066062.53;2013-12-05T00:00:00
5604567;580481;Králíky;;;;;20788;Horní Boøíkovice;;;è.p.;28;;;56169;579934.00;1066269.00;2013-12-05T00:00:00
5604575;580481;Králíky;;;;;20788;Horní Boøíkovice;;;è.p.;52;;;56169;579899.51;1066070.16;2013-12-05T00:00:00
5604583;580481;Králíky;;;;;20788;Horní Boøíkovice;;;è.p.;167;;;56169;579883.53;1066042.77;2013-12-05T00:00:00
5604591;580481;Králíky;;;;;28720;Dolní Boøíkovice;;;è.p.;1;;;56169;580408.38;1062997.89;2013-12-05T00:00:00
5604605;580481;Králíky;;;;;28720;Dolní Boøíkovice;;;è.p.;2;;;56169;580342.88;1063291.75;2013-12-05T00:00:00
5604613;580481;Králíky;;;;;28720;Dolní Boøíkovice;;;è.p.;4;;;56169;580436.91;1063630.32;2013-12-05T00:00:00
5604621;580481;Králíky;;;;;28720;Dolní Boøíkovice;;;è.p.;5;;;56169;580486.50;1063488.01;2013-12-05T00:00:00
5604630;580481;Králíky;;;;;28720;Dolní Boøíkovice;;;è.p.;6;;;56169;580425.88;1063653.47;2013-12-05T00:00:00
5604648;580481;Králíky;;;;;28720;Dolní Boøíkovice;;;è.p.;7;;;56169;580418.44;1063672.67;2013-12-05T00:00:00
5604656;580481;Králíky;;;;;28720;Dolní Boøíkovice;;;è.p.;8;;;56169;580406.27;1063691.80;2013-12-05T00:00:00
5604664;580481;Králíky;;;;;28720;Dolní Boøíkovice;;;è.p.;9;;;56169;580471.67;1063620.35;2013-12-05T00:00:00
5604672;580481;Králíky;;;;;28720;Dolní Boøíkovice;;;è.p.;10;;;56169;580458.19;1063668.38;2013-12-05T00:00:00
5604681;580481;Králíky;;;;;28720;Dolní Boøíkovice;;;è.p.;11;;;56169;580401.55;1063806.13;2013-12-05T00:00:00
5604699;580481;Králíky;;;;;28720;Dolní Boøíkovice;;;è.p.;12;;;56169;580362.52;1063782.66;2013-12-05T00:00:00
5604702;580481;Králíky;;;;;28720;Dolní Boøíkovice;;;è.p.;14;;;56169;580401.13;1063713.16;2013-12-05T00:00:00
5604711;580481;Králíky;;;;;28720;Dolní Boøíkovice;;;è.p.;15;;;56169;580344.39;1063907.75;2013-12-05T00:00:00
5604729;580481;Králíky;;;;;28720;Dolní Boøíkovice;;;è.p.;16;;;56169;580283.80;1064002.34;2013-12-05T00:00:00
5604737;580481;Králíky;;;;;28720;Dolní Boøíkovice;;;è.p.;18;;;56169;580235.25;1064132.27;2013-12-05T00:00:00
5604745;580481;Králíky;;;;;28720;Dolní Boøíkovice;;;è.p.;19;;;56169;580299.21;1064198.27;2013-12-05T00:00:00
5604753;580481;Králíky;;;;;28720;Dolní Boøíkovice;;;è.p.;20;;;56169;580383.69;1063750.86;2013-12-05T00:00:00
5604761;580481;Králíky;;;;;28720;Dolní Boøíkovice;;;è.p.;21;;;56169;580238.69;1064247.14;2013-12-05T00:00:00
5604770;580481;Králíky;;;;;28720;Dolní Boøíkovice;;;è.p.;22;;;56169;580389.97;1063731.07;2013-12-05T00:00:00
5604788;580481;Králíky;;;;;28720;Dolní Boøíkovice;;;è.p.;23;;;56169;580312.31;1064414.41;2013-12-05T00:00:00
5604796;580481;Králíky;;;;;28720;Dolní Boøíkovice;;;è.p.;24;;;56169;580317.86;1063945.02;2013-12-05T00:00:00
5604800;580481;Králíky;;;;;28720;Dolní Boøíkovice;;;è.p.;26;;;56169;580277.25;1064505.91;2013-12-05T00:00:00
5604818;580481;Králíky;;;;;28720;Dolní Boøíkovice;;;è.p.;27;;;56169;580252.56;1064778.24;2013-12-05T00:00:00
5604826;580481;Králíky;;;;;28720;Dolní Boøíkovice;;;è.p.;28;;;56169;580230.34;1064798.51;2021-03-30T00:00:00
5604834;580481;Králíky;;;;;28720;Dolní Boøíkovice;;;è.p.;29;;;56169;580285.63;1064302.61;2013-12-05T00:00:00
5604842;580481;Králíky;;;;;28720;Dolní Boøíkovice;;;è.p.;30;;;56169;580281.00;1064331.95;2013-12-05T00:00:00
5604851;580481;Králíky;;;;;28720;Dolní Boøíkovice;;;è.p.;31;;;56169;580213.13;1064917.92;2013-12-05T00:00:00
5604869;580481;Králíky;;;;;28720;Dolní Boøíkovice;;;è.p.;32;;;56169;580189.06;1064970.03;2013-12-05T00:00:00
5604877;580481;Králíky;;;;;28720;Dolní Boøíkovice;;;è.p.;36;;;56169;580329.98;1065024.04;2013-12-05T00:00:00
5604885;580481;Králíky;;;;;28720;Dolní Boøíkovice;;;è.p.;37;;;56169;580331.94;1065068.50;2013-12-05T00:00:00
5604893;580481;Králíky;;;;;28720;Dolní Boøíkovice;;;è.p.;39;;;56169;580352.25;1065119.90;2013-12-05T00:00:00
5604907;580481;Králíky;;;;;28720;Dolní Boøíkovice;;;è.p.;40;;;56169;580418.13;1065166.71;2013-12-05T00:00:00
5604915;580481;Králíky;;;;;28720;Dolní Boøíkovice;;;è.p.;41;;;56169;580427.69;1065161.33;2013-12-05T00:00:00
5604923;580481;Králíky;;;;;28720;Dolní Boøíkovice;;;è.p.;43;;;56169;580427.79;1065297.58;2014-04-09T00:00:00
5604931;580481;Králíky;;;;;28720;Dolní Boøíkovice;;;è.p.;48;;;56169;580503.44;1065404.97;2013-12-05T00:00:00
5604958;580481;Králíky;;;;;28720;Dolní Boøíkovice;;;è.p.;56;;;56169;580660.50;1065481.33;2013-12-05T00:00:00
5604966;580481;Králíky;;;;;28720;Dolní Boøíkovice;;;è.p.;58;;;56169;580683.38;1065512.14;2013-12-05T00:00:00
5604974;580481;Králíky;;;;;28720;Dolní Boøíkovice;;;è.p.;59;;;56169;580721.00;1065572.37;2013-12-05T00:00:00
5604982;580481;Králíky;;;;;28720;Dolní Boøíkovice;;;è.p.;60;;;56169;580787.50;1065611.63;2013-12-05T00:00:00
5604991;580481;Králíky;;;;;28720;Dolní Boøíkovice;;;è.p.;61;;;56169;580942.50;1065618.68;2013-12-05T00:00:00
5605008;580481;Králíky;;;;;28720;Dolní Boøíkovice;;;è.p.;67;;;56169;580898.50;1065542.45;2013-12-05T00:00:00
5605016;580481;Králíky;;;;;28720;Dolní Boøíkovice;;;è.p.;69;;;56169;580784.00;1065484.38;2013-12-05T00:00:00
5605024;580481;Králíky;;;;;28720;Dolní Boøíkovice;;;è.p.;70;;;56169;580777.80;1065460.54;2013-12-05T00:00:00
5605032;580481;Králíky;;;;;28720;Dolní Boøíkovice;;;è.p.;72;;;56169;580682.00;1065395.13;2013-12-05T00:00:00
5605041;580481;Králíky;;;;;28720;Dolní Boøíkovice;;;è.p.;73;;;56169;580674.00;1065439.72;2013-12-05T00:00:00
5605059;580481;Králíky;;;;;28720;Dolní Boøíkovice;;;è.p.;74;;;56169;580617.86;1065514.93;2013-12-05T00:00:00
5605067;580481;Králíky;;;;;28720;Dolní Boøíkovice;;;è.p.;75;;;56169;580628.06;1065431.85;2013-12-05T00:00:00
5605075;580481;Králíky;;;;;28720;Dolní Boøíkovice;;;è.p.;76;;;56169;580461.25;1065114.34;2013-12-05T00:00:00
5605083;580481;Králíky;;;;;28720;Dolní Boøíkovice;;;è.p.;83;;;56169;580633.31;1065276.97;2013-12-05T00:00:00
5605091;580481;Králíky;;;;;28720;Dolní Boøíkovice;;;è.p.;90;;;56169;580401.31;1065086.56;2013-12-05T00:00:00
5605105;580481;Králíky;;;;;28720;Dolní Boøíkovice;;;è.p.;94;;;56169;580462.28;1064733.87;2016-01-11T00:00:00
5605113;580481;Králíky;;;;;28720;Dolní Boøíkovice;;;è.p.;95;;;56169;580348.69;1064743.82;2013-12-05T00:00:00
5605121;580481;Králíky;;;;;28720;Dolní Boøíkovice;;;è.p.;96;;;56169;580310.81;1064640.74;2013-12-05T00:00:00
5605130;580481;Králíky;;;;;28720;Dolní Boøíkovice;;;è.p.;97;;;56169;580388.56;1064643.02;2013-12-05T00:00:00
5605148;580481;Králíky;;;;;28720;Dolní Boøíkovice;;;è.p.;100;;;56169;580354.51;1064474.10;2013-12-05T00:00:00
5605156;580481;Králíky;;;;;28720;Dolní Boøíkovice;;;è.p.;101;;;56169;580566.00;1064340.52;2013-12-05T00:00:00
5605164;580481;Králíky;;;;;28720;Dolní Boøíkovice;;;è.p.;103;;;56169;580575.13;1064219.32;2013-12-05T00:00:00
5605172;580481;Králíky;;;;;28720;Dolní Boøíkovice;;;è.p.;104;;;56169;580360.56;1064184.68;2013-12-05T00:00:00
5605181;580481;Králíky;;;;;28720;Dolní Boøíkovice;;;è.p.;106;;;56169;580541.40;1064118.16;2013-12-05T00:00:00
5605199;580481;Králíky;;;;;28720;Dolní Boøíkovice;;;è.p.;107;;;56169;580528.22;1064049.01;2013-12-05T00:00:00
5605202;580481;Králíky;;;;;28720;Dolní Boøíkovice;;;è.p.;110;;;56169;580338.25;1064047.08;2013-12-05T00:00:00
5605211;580481;Králíky;;;;;28720;Dolní Boøíkovice;;;è.p.;111;;;56169;580351.75;1063970.60;2013-12-05T00:00:00
5605229;580481;Králíky;;;;;28720;Dolní Boøíkovice;;;è.p.;112;;;56169;580569.43;1063934.05;2016-11-11T00:00:00
5605237;580481;Králíky;;;;;28720;Dolní Boøíkovice;;;è.p.;113;;;56169;580532.06;1063895.57;2013-12-05T00:00:00
5605245;580481;Králíky;;;;;28720;Dolní Boøíkovice;;;è.p.;114;;;56169;580410.34;1063850.28;2013-12-05T00:00:00
5605253;580481;Králíky;;;;;28720;Dolní Boøíkovice;;;è.p.;115;;;56169;580436.11;1063829.52;2013-12-05T00:00:00
5605261;580481;Králíky;;;;;28720;Dolní Boøíkovice;;;è.p.;116;;;56169;580491.00;1063787.47;2013-12-05T00:00:00
5605270;580481;Králíky;;;;;28720;Dolní Boøíkovice;;;è.p.;117;;;56169;580506.39;1063654.59;2013-12-05T00:00:00
5605288;580481;Králíky;;;;;28720;Dolní Boøíkovice;;;è.p.;118;;;56169;580595.13;1063683.08;2013-12-05T00:00:00
5605296;580481;Králíky;;;;;28720;Dolní Boøíkovice;;;è.p.;119;;;56169;580620.76;1063594.13;2013-12-05T00:00:00
5605300;580481;Králíky;;;;;28720;Dolní Boøíkovice;;;è.p.;120;;;56169;580513.13;1063589.65;2013-12-05T00:00:00
5605318;580481;Králíky;;;;;28720;Dolní Boøíkovice;;;è.p.;122;;;56169;580546.94;1063436.94;2013-12-05T00:00:00
5605326;580481;Králíky;;;;;28720;Dolní Boøíkovice;;;è.p.;124;;;56169;580495.56;1063320.88;2013-12-05T00:00:00
5605334;580481;Králíky;;;;;28720;Dolní Boøíkovice;;;è.p.;125;;;56169;580475.50;1063335.68;2013-12-05T00:00:00
5605342;580481;Králíky;;;;;28720;Dolní Boøíkovice;;;è.p.;127;;;56169;580613.00;1063379.00;2013-12-05T00:00:00
5605351;580481;Králíky;;;;;28720;Dolní Boøíkovice;;;è.p.;129;;;56169;580463.69;1063148.28;2013-12-05T00:00:00
5605369;580481;Králíky;;;;;28720;Dolní Boøíkovice;;;è.p.;132;;;56169;580302.93;1064038.24;2013-12-05T00:00:00
5605377;580481;Králíky;;;;;28720;Dolní Boøíkovice;;;è.p.;136;;;56169;580675.00;1063695.94;2013-12-05T00:00:00
5605385;580481;Králíky;;;;;28720;Dolní Boøíkovice;;;è.p.;137;;;56169;580499.44;1063336.53;2013-12-05T00:00:00
5605393;580481;Králíky;;;;;28720;Dolní Boøíkovice;;;è.p.;138;;;56169;580475.19;1063275.67;2013-12-05T00:00:00
5605407;580481;Králíky;;;;;28720;Dolní Boøíkovice;;;è.p.;139;;;56169;580519.88;1063237.09;2013-12-05T00:00:00
5605415;580481;Králíky;;;;;28720;Dolní Boøíkovice;;;è.p.;141;;;56169;580480.73;1063443.73;2013-12-05T00:00:00
5605423;580481;Králíky;;;;;28720;Dolní Boøíkovice;;;è.p.;145;;;56169;580334.94;1063887.55;2013-12-05T00:00:00
5605431;580481;Králíky;;;;;28720;Dolní Boøíkovice;;;è.p.;148;;;56169;580823.31;1065518.88;2013-12-05T00:00:00
5605440;580481;Králíky;;;;;28720;Dolní Boøíkovice;;;è.p.;150;;;56169;580294.19;1064123.29;2013-12-05T00:00:00
5605466;580481;Králíky;;;;;28720;Dolní Boøíkovice;;;è.p.;152;;;56169;580242.39;1064040.19;2013-12-05T00:00:00
5605474;580481;Králíky;;;;;28720;Dolní Boøíkovice;;;è.p.;153;;;56169;580210.06;1063975.99;2013-12-05T00:00:00
5605482;580481;Králíky;;;;;28720;Dolní Boøíkovice;;;è.p.;155;;;56169;580317.51;1064610.13;2013-12-05T00:00:00
5605491;580481;Králíky;;;;;28720;Dolní Boøíkovice;;;è.p.;157;;;56169;580331.34;1064523.97;2013-12-05T00:00:00
5605504;580481;Králíky;;;;;28720;Dolní Boøíkovice;;;è.p.;158;;;56169;580169.31;1063984.17;2013-12-05T00:00:00
5605512;580481;Králíky;;;;;28720;Dolní Boøíkovice;;;è.p.;159;;;56169;580132.81;1064041.78;2013-12-05T00:00:00
5605521;580481;Králíky;;;;;28720;Dolní Boøíkovice;;;è.p.;161;;;56169;580150.00;1064013.89;2013-12-05T00:00:00
5605539;580481;Králíky;;;;;28720;Dolní Boøíkovice;;;è.p.;163;;;56169;580527.05;1063672.39;2013-12-05T00:00:00
5605547;580481;Králíky;;;;;28720;Dolní Boøíkovice;;;è.p.;164;;;56169;580793.63;1065541.81;2013-12-05T00:00:00
5605555;580481;Králíky;;;;;28720;Dolní Boøíkovice;;;è.p.;170;;;56169;580349.53;1064557.21;2013-12-05T00:00:00
5605563;580481;Králíky;;;;;28720;Dolní Boøíkovice;;;è.p.;171;;;56169;580442.19;1063547.96;2013-12-05T00:00:00
5605571;580481;Králíky;;;;;28720;Dolní Boøíkovice;;;è.p.;172;;;56169;580284.50;1064990.01;2013-12-05T00:00:00
5605580;580481;Králíky;;;;;28720;Dolní Boøíkovice;;;è.p.;174;;;56169;580505.19;1063387.44;2013-12-05T00:00:00
5605598;580481;Králíky;;;;;28720;Dolní Boøíkovice;;;è.p.;175;;;56169;580325.30;1064321.54;2013-12-05T00:00:00
5605601;580481;Králíky;;;;;28720;Dolní Boøíkovice;;;è.p.;177;;;56169;580457.31;1063219.86;2013-12-05T00:00:00
5605610;580481;Králíky;;;;;28720;Dolní Boøíkovice;;;è.p.;181;;;56169;580456.56;1063491.85;2013-12-05T00:00:00
5605628;580481;Králíky;;;;;28720;Dolní Boøíkovice;;;è.p.;182;;;56169;580479.87;1063535.17;2013-12-05T00:00:00
5605636;580481;Králíky;;;;;28720;Dolní Boøíkovice;;;è.p.;186;;;56169;580286.50;1064407.36;2013-12-05T00:00:00
5605644;580481;Králíky;;;;;28720;Dolní Boøíkovice;;;è.p.;187;;;56169;580283.00;1064373.00;2013-12-05T00:00:00
5605652;580481;Králíky;;;;;28720;Dolní Boøíkovice;;;è.p.;188;;;56169;580345.06;1063999.83;2013-12-05T00:00:00
5605661;580481;Králíky;;;;;28720;Dolní Boøíkovice;;;è.p.;189;;;56169;580353.63;1064586.22;2013-12-05T00:00:00
5605679;580481;Králíky;;;;;28720;Dolní Boøíkovice;;;è.p.;190;;;56169;580484.92;1064996.32;2013-12-05T00:00:00
5605687;580481;Králíky;;;;;28720;Dolní Boøíkovice;;;è.p.;191;;;56169;580487.67;1064975.13;2013-12-05T00:00:00
5605695;580481;Králíky;;;;;28720;Dolní Boøíkovice;;;è.ev.;151;;;56169;580752.56;1065465.39;2013-12-05T00:00:00
5605709;580481;Králíky;;;;;29581;Dolní Lipka;;;è.p.;2;;;56169;580395.44;1062326.82;2013-12-05T00:00:00
5605717;580481;Králíky;;;;;29581;Dolní Lipka;;;è.p.;3;;;56169;580329.86;1062283.67;2024-06-25T00:00:00
5605725;580481;Králíky;;;;;29581;Dolní Lipka;;;è.p.;5;;;56169;579978.13;1062290.58;2013-12-05T00:00:00
5605733;580481;Králíky;;;;;29581;Dolní Lipka;;;è.p.;6;;;56169;579915.63;1062201.30;2013-12-05T00:00:00
5605741;580481;Králíky;;;;;29581;Dolní Lipka;;;è.p.;7;;;56169;579369.52;1062437.50;2013-12-05T00:00:00
5605750;580481;Králíky;;;;;29581;Dolní Lipka;;;è.p.;8;;;56169;579213.19;1062037.35;2013-12-05T00:00:00
5605768;580481;Králíky;;;;;29581;Dolní Lipka;;;è.p.;9;;;56169;580545.69;1061856.97;2013-12-05T00:00:00
5605776;580481;Králíky;;;;;29581;Dolní Lipka;;;è.p.;10;;;56169;579171.56;1061858.14;2013-12-05T00:00:00
5605784;580481;Králíky;;;;;29581;Dolní Lipka;;;è.p.;11;;;56169;579134.31;1061812.52;2013-12-05T00:00:00
5605792;580481;Králíky;;;;;29581;Dolní Lipka;;;è.p.;12;;;56169;580515.96;1061978.51;2013-12-05T00:00:00
5605806;580481;Králíky;;;;;29581;Dolní Lipka;;;è.p.;13;;;56169;578996.00;1061512.48;2013-12-05T00:00:00
5605814;580481;Králíky;;;;;29581;Dolní Lipka;;;è.p.;15;;;56169;578928.69;1061146.75;2013-12-05T00:00:00
5605831;580481;Králíky;;;;;29581;Dolní Lipka;;;è.p.;18;;;56169;579397.51;1061683.60;2022-12-23T00:00:00
5605849;580481;Králíky;;;;;29581;Dolní Lipka;;;è.p.;19;;;56169;579477.38;1061832.44;2013-12-05T00:00:00
5605857;580481;Králíky;;;;;29581;Dolní Lipka;;;è.p.;20;;;56169;579582.63;1061964.68;2013-12-05T00:00:00
5605865;580481;Králíky;;;;;29581;Dolní Lipka;;;è.p.;22;;;56169;579844.00;1061898.04;2013-12-05T00:00:00
5605873;580481;Králíky;;;;;29581;Dolní Lipka;;;è.p.;23;;;56169;580120.18;1062020.74;2013-12-05T00:00:00
5605881;580481;Králíky;;;;;29581;Dolní Lipka;;;è.p.;24;;;56169;580526.19;1062093.46;2013-12-05T00:00:00
5605890;580481;Králíky;;;;;29581;Dolní Lipka;;;è.p.;26;;;56169;578924.19;1061491.86;2013-12-05T00:00:00
5605903;580481;Králíky;;;;;29581;Dolní Lipka;;;è.p.;28;;;56169;580125.25;1062312.07;2013-12-05T00:00:00
5605911;580481;Králíky;;;;;29581;Dolní Lipka;;;è.p.;29;;;56169;579937.38;1062162.97;2013-12-05T00:00:00
5605920;580481;Králíky;;;;;29581;Dolní Lipka;;;è.p.;30;;;56169;579084.00;1061718.88;2013-12-05T00:00:00
5605938;580481;Králíky;;;;;29581;Dolní Lipka;;;è.p.;32;;;56169;580208.56;1062369.27;2013-12-05T00:00:00
5605946;580481;Králíky;;;;;29581;Dolní Lipka;;;è.p.;33;;;56169;579514.53;1061891.27;2013-12-05T00:00:00
5605954;580481;Králíky;;;;;29581;Dolní Lipka;;;è.p.;37;;;56169;579173.37;1062860.75;2024-11-25T00:00:00
5605962;580481;Králíky;;;;;29581;Dolní Lipka;;;è.p.;38;;;56169;579412.59;1062766.38;2024-08-07T00:00:00
5605971;580481;Králíky;;;;;29581;Dolní Lipka;;;è.p.;39;;;56169;579439.38;1062755.60;2024-08-07T00:00:00
5605997;580481;Králíky;;;;;29581;Dolní Lipka;;;è.p.;41;;;56169;579548.75;1062796.43;2013-12-05T00:00:00
5606004;580481;Králíky;;;;;29581;Dolní Lipka;;;è.p.;42;;;56169;579556.75;1062793.90;2013-12-05T00:00:00
5606012;580481;Králíky;;;;;29581;Dolní Lipka;;;è.p.;43;;;56169;579581.75;1062783.98;2013-12-05T00:00:00
5606021;580481;Králíky;;;;;29581;Dolní Lipka;;;è.p.;44;;;56169;579587.64;1062823.45;2024-08-29T00:00:00
5606039;580481;Králíky;;;;;29581;Dolní Lipka;;;è.p.;45;;;56169;578849.38;1061512.61;2013-12-05T00:00:00
5606047;580481;Králíky;;;;;29581;Dolní Lipka;;;è.p.;46;;;56169;579233.45;1062893.94;2013-12-05T00:00:00
5606055;580481;Králíky;;;;;29581;Dolní Lipka;;;è.p.;47;;;56169;579520.00;1062756.42;2013-12-05T00:00:00
5606063;580481;Králíky;;;;;29581;Dolní Lipka;;;è.p.;48;;;56169;579505.78;1062810.79;2013-12-05T00:00:00
5606071;580481;Králíky;;;;;29581;Dolní Lipka;;;è.p.;49;;;56169;579473.72;1062822.60;2013-12-05T00:00:00
5606080;580481;Králíky;;;;;29581;Dolní Lipka;;;è.p.;50;;;56169;579425.44;1062836.97;2013-12-05T00:00:00
5606098;580481;Králíky;;;;;29581;Dolní Lipka;;;è.p.;51;;;56169;579572.87;1062837.10;2013-12-05T00:00:00
5606101;580481;Králíky;;;;;29581;Dolní Lipka;;;è.p.;52;;;56169;579555.94;1062844.11;2013-12-05T00:00:00
5606110;580481;Králíky;;;;;29581;Dolní Lipka;;;è.p.;53;;;56169;579532.11;1062851.26;2013-12-05T00:00:00
5606136;580481;Králíky;;;;;43362;Horní Lipka;;;è.p.;4;;;56169;575198.86;1059261.68;2013-12-05T00:00:00
5606144;580481;Králíky;;;;;43362;Horní Lipka;;;è.p.;5;;;56169;575213.82;1059297.17;2013-12-05T00:00:00
5606152;580481;Králíky;;;;;43362;Horní Lipka;;;è.p.;8;;;56169;575282.26;1059316.35;2013-12-05T00:00:00
5606161;580481;Králíky;;;;;43362;Horní Lipka;;;è.p.;9;;;56169;575554.65;1060111.19;2013-12-05T00:00:00
5606195;580481;Králíky;;;;;43362;Horní Lipka;;;è.p.;15;;;56169;575375.84;1059558.54;2013-12-05T00:00:00
5606217;580481;Králíky;;;;;43362;Horní Lipka;;;è.p.;23;;;56169;575559.35;1059845.95;2013-12-05T00:00:00
5606225;580481;Králíky;;;;;43362;Horní Lipka;;;è.p.;24;;;56169;575477.80;1059948.50;2022-11-02T00:00:00
5606233;580481;Králíky;;;;;43362;Horní Lipka;;;è.p.;25;;;56169;575577.06;1059956.19;2013-12-05T00:00:00
5606241;580481;Králíky;;;;;43362;Horní Lipka;;;è.p.;26;;;56169;575526.53;1060043.27;2022-11-02T00:00:00
5606250;580481;Králíky;;;;;43362;Horní Lipka;;;è.p.;27;;;56169;575621.94;1060068.26;2013-12-05T00:00:00
5606276;580481;Králíky;;;;;43362;Horní Lipka;;;è.p.;31;;;56169;575742.69;1060286.70;2013-12-05T00:00:00
5606284;580481;Králíky;;;;;43362;Horní Lipka;;;è.p.;32;;;56169;575638.00;1060337.91;2013-12-05T00:00:00
5606292;580481;Králíky;;;;;43362;Horní Lipka;;;è.p.;33;;;56169;575648.56;1060405.42;2022-11-02T00:00:00
5606306;580481;Králíky;;;;;43362;Horní Lipka;;;è.p.;37;;;56169;575768.40;1060722.26;2013-12-05T00:00:00
5606314;580481;Králíky;;;;;43362;Horní Lipka;;;è.p.;38;;;56169;575309.26;1059449.16;2013-12-05T00:00:00
5606322;580481;Králíky;;;;;43362;Horní Lipka;;;è.p.;40;;;56169;575690.72;1060870.40;2022-11-02T00:00:00
5606331;580481;Králíky;;;;;43362;Horní Lipka;;;è.p.;47;;;56169;575666.32;1061052.54;2022-11-02T00:00:00
5606349;580481;Králíky;;;;;43362;Horní Lipka;;;è.p.;52;;;56169;575601.94;1061327.80;2022-11-02T00:00:00
5606357;580481;Králíky;;;;;43362;Horní Lipka;;;è.p.;55;;;56169;575776.53;1061638.49;2013-12-05T00:00:00
5606365;580481;Králíky;;;;;43362;Horní Lipka;;;è.p.;56;;;56169;575692.84;1061660.65;2013-12-05T00:00:00
5606381;580481;Králíky;;;;;43362;Horní Lipka;;;è.p.;65;;;56169;575930.38;1060806.45;2022-11-02T00:00:00
5606390;580481;Králíky;;;;;43362;Horní Lipka;;;è.p.;68;;;56169;575913.49;1060649.16;2013-12-05T00:00:00
5606403;580481;Králíky;;;;;43362;Horní Lipka;;;è.p.;69;;;56169;575805.57;1060681.45;2013-12-05T00:00:00
5606411;580481;Králíky;;;;;43362;Horní Lipka;;;è.p.;70;;;56169;575811.59;1060611.14;2013-12-05T00:00:00
5606420;580481;Králíky;;;;;43362;Horní Lipka;;;è.p.;72;;;56169;575731.62;1060526.32;2013-12-05T00:00:00
5606438;580481;Králíky;;;;;43362;Horní Lipka;;;è.p.;73;;;56169;575801.78;1060495.46;2013-12-05T00:00:00
5606446;580481;Králíky;;;;;43362;Horní Lipka;;;è.p.;75;;;56169;575769.54;1060331.92;2013-12-05T00:00:00
5606454;580481;Králíky;;;;;43362;Horní Lipka;;;è.p.;77;;;56169;575816.91;1060309.04;2013-12-05T00:00:00
5606462;580481;Králíky;;;;;43362;Horní Lipka;;;è.p.;80;;;56169;575806.60;1060137.47;2013-12-05T00:00:00
5606471;580481;Králíky;;;;;43362;Horní Lipka;;;è.p.;82;;;56169;575664.20;1060065.25;2013-12-05T00:00:00
5606489;580481;Králíky;;;;;43362;Horní Lipka;;;è.p.;93;;;56169;575289.92;1059226.34;2022-11-02T00:00:00
5606497;580481;Králíky;;;;;43362;Horní Lipka;;;è.p.;97;;;56169;575140.21;1059050.27;2022-11-02T00:00:00
5606501;580481;Králíky;;;;;43362;Horní Lipka;;;è.p.;100;;;56169;575009.07;1058821.89;2013-12-05T00:00:00
5606519;580481;Králíky;;;;;43362;Horní Lipka;;;è.p.;102;;;56169;574955.68;1058733.42;2013-12-05T00:00:00
5606527;580481;Králíky;;;;;43362;Horní Lipka;;;è.p.;104;;;56169;575029.14;1058644.62;2022-11-02T00:00:00
5606543;580481;Králíky;;;;;43362;Horní Lipka;;;è.p.;111;;;56169;574843.34;1058555.04;2022-11-02T00:00:00
5606551;580481;Králíky;;;;;43362;Horní Lipka;;;è.p.;115;;;56169;575526.74;1059860.03;2013-12-05T00:00:00
5606578;580481;Králíky;;;;;43362;Horní Lipka;;;è.p.;128;;;56169;575728.96;1060036.37;2013-12-05T00:00:00
5606586;580481;Králíky;;;;;43362;Horní Lipka;;;è.p.;129;;;56169;575757.32;1060052.63;2013-12-05T00:00:00
5606594;580481;Králíky;;;;;43362;Horní Lipka;;;è.p.;130;;;56169;575719.50;1060183.83;2013-12-05T00:00:00
5606608;580481;Králíky;;;;;43362;Horní Lipka;;;è.p.;131;;;56169;575523.45;1059687.61;2013-12-05T00:00:00
5606616;580481;Králíky;;;;;43362;Horní Lipka;;;è.p.;137;;;56169;574283.54;1057773.08;2013-12-05T00:00:00
5606624;580481;Králíky;;;;;43362;Horní Lipka;;;è.p.;138;;;56169;575070.24;1059151.80;2013-12-05T00:00:00
5606632;580481;Králíky;;;;;43362;Horní Lipka;;;è.p.;139;;;56169;575055.33;1059138.02;2013-12-05T00:00:00
5606667;580481;Králíky;;;;;43362;Horní Lipka;;;è.p.;153;;;56169;575032.99;1059072.16;2013-12-05T00:00:00
5606675;580481;Králíky;;;;;43362;Horní Lipka;;;è.p.;160;;;56169;575695.33;1061749.28;2013-12-05T00:00:00
5606683;580481;Králíky;;;;;43362;Horní Lipka;;;è.p.;163;;;56169;575596.85;1060060.38;2013-12-05T00:00:00
5606691;580481;Králíky;;;;;43362;Horní Lipka;;;è.ev.;1;;;56169;573988.24;1057604.72;2013-12-05T00:00:00
5606705;580481;Králíky;;;;;43362;Horní Lipka;;;è.ev.;2;;;56169;574802.69;1058359.31;2013-12-05T00:00:00
5606713;580481;Králíky;;;;;43362;Horní Lipka;;;è.ev.;3;;;56169;574219.27;1058052.40;2022-11-02T00:00:00
5606721;580481;Králíky;;;;;43362;Horní Lipka;;;è.ev.;4;;;56169;574056.98;1057464.08;2013-12-05T00:00:00
5606730;580481;Králíky;;;;;43362;Horní Lipka;;;è.ev.;5;;;56169;574918.06;1058402.92;2022-11-02T00:00:00
5606756;580481;Králíky;;;;;43362;Horní Lipka;;;è.ev.;7;;;56169;575730.51;1060216.64;2013-12-05T00:00:00
5606764;580481;Králíky;;;;;43362;Horní Lipka;;;è.ev.;10;;;56169;573978.85;1057544.64;2022-11-02T00:00:00
5606772;580481;Králíky;;;;;43362;Horní Lipka;;;è.ev.;13;;;56169;574945.85;1058418.31;2013-12-05T00:00:00
5606799;580481;Králíky;;;;;72532;Èervený Potok;;;è.p.;2;;;56169;572755.09;1063130.35;2013-12-05T00:00:00
5606802;580481;Králíky;;;;;72532;Èervený Potok;;;è.p.;4;;;56169;573231.70;1062283.94;2022-11-02T00:00:00
5606811;580481;Králíky;;;;;72532;Èervený Potok;;;è.p.;7;;;56169;573277.33;1062229.63;2022-11-02T00:00:00
5606829;580481;Králíky;;;;;72532;Èervený Potok;;;è.p.;8;;;56169;573290.22;1062291.21;2013-12-05T00:00:00
5606837;580481;Králíky;;;;;72532;Èervený Potok;;;è.p.;9;;;56169;573371.76;1062250.04;2013-12-05T00:00:00
5606845;580481;Králíky;;;;;72532;Èervený Potok;;;è.p.;10;;;56169;573429.56;1062089.92;2022-11-02T00:00:00
5606853;580481;Králíky;;;;;72532;Èervený Potok;;;è.p.;14;;;56169;573601.63;1062154.86;2013-12-05T00:00:00
5606870;580481;Králíky;;;;;72532;Èervený Potok;;;è.p.;16;;;56169;573771.70;1062054.80;2013-12-05T00:00:00
5606888;580481;Králíky;;;;;72532;Èervený Potok;;;è.p.;17;;;56169;573795.60;1062046.50;2013-12-05T00:00:00
5606896;580481;Králíky;;;;;72532;Èervený Potok;;;è.p.;18;;;56169;574447.59;1061792.10;2013-12-05T00:00:00
5606900;580481;Králíky;;;;;72532;Èervený Potok;;;è.p.;19;;;56169;573902.86;1062108.96;2013-12-05T00:00:00
5606918;580481;Králíky;;;;;72532;Èervený Potok;;;è.p.;20;;;56169;573745.20;1062063.40;2013-12-05T00:00:00
5606926;580481;Králíky;;;;;72532;Èervený Potok;;;è.p.;21;;;56169;574089.25;1062039.91;2013-12-05T00:00:00
5606934;580481;Králíky;;;;;72532;Èervený Potok;;;è.p.;23;;;56169;574252.42;1061979.04;2022-11-02T00:00:00
5606942;580481;Králíky;;;;;72532;Èervený Potok;;;è.p.;24;;;56169;573442.76;1061735.44;2013-12-05T00:00:00
5606951;580481;Králíky;;;;;72532;Èervený Potok;;;è.p.;25;;;56169;574397.16;1061905.83;2022-11-02T00:00:00
5606969;580481;Králíky;;;;;72532;Èervený Potok;;;è.p.;26;;;56169;574486.56;1061872.45;2013-12-05T00:00:00
5606985;580481;Králíky;;;;;72532;Èervený Potok;;;è.p.;32;;;56169;574433.47;1061728.49;2013-12-05T00:00:00
5606993;580481;Králíky;;;;;72532;Èervený Potok;;;è.p.;34;;;56169;574083.67;1061886.67;2013-12-05T00:00:00
5607001;580481;Králíky;;;;;72532;Èervený Potok;;;è.p.;36;;;56169;573869.88;1061991.15;2013-12-05T00:00:00
5607019;580481;Králíky;;;;;72532;Èervený Potok;;;è.p.;39;;;56169;573725.31;1062093.73;2013-12-05T00:00:00
5607027;580481;Králíky;;;;;72532;Èervený Potok;;;è.p.;40;;;56169;573688.24;1062105.24;2013-12-05T00:00:00
5607051;580481;Králíky;;;;;72532;Èervený Potok;;;è.p.;56;;;56169;573501.03;1062240.63;2013-12-05T00:00:00
5607060;580481;Králíky;;;;;72532;Èervený Potok;;;è.p.;59;;;56169;573816.46;1062216.00;2022-11-02T00:00:00
5607078;580481;Králíky;;;;;72532;Èervený Potok;;;è.p.;60;;;56169;573627.48;1062090.46;2013-12-05T00:00:00
5607094;580481;Králíky;;;;;72532;Èervený Potok;;;è.p.;63;;;56169;574241.03;1061804.14;2013-12-05T00:00:00
5607108;580481;Králíky;;;;;72532;Èervený Potok;;;è.p.;65;;;56169;573287.58;1062181.72;2013-12-05T00:00:00
5607116;580481;Králíky;;;;;72532;Èervený Potok;;;è.p.;66;;;56169;573707.53;1062187.80;2013-12-05T00:00:00
5607124;580481;Králíky;;;;;72532;Èervený Potok;;;è.p.;68;;;56169;574543.14;1061773.94;2013-12-05T00:00:00
5607132;580481;Králíky;;;;;72532;Èervený Potok;;;è.p.;69;;;56169;573548.30;1062198.33;2013-12-05T00:00:00
5607141;580481;Králíky;;;;;72532;Èervený Potok;;;è.p.;71;;;56169;573818.82;1062148.86;2013-12-05T00:00:00
5607159;580481;Králíky;;;;;72532;Èervený Potok;;;è.p.;72;;;56169;573741.50;1061939.80;2013-12-05T00:00:00
5607167;580481;Králíky;;;;;72532;Èervený Potok;;;è.p.;76;;;56169;573248.52;1061960.63;2018-04-18T00:00:00
5607175;580481;Králíky;;;;;72532;Èervený Potok;;;è.p.;77;;;56169;573506.15;1062020.81;2013-12-05T00:00:00
5607183;580481;Králíky;;;;;72532;Èervený Potok;;;è.p.;78;;;56169;573662.10;1061990.40;2013-12-05T00:00:00
5607191;580481;Králíky;;;;;72532;Èervený Potok;;;è.p.;79;;;56169;573599.10;1062049.30;2013-12-05T00:00:00
5607205;580481;Králíky;;;;;72532;Èervený Potok;;;è.p.;80;;;56169;573564.90;1062053.90;2013-12-05T00:00:00
5607213;580481;Králíky;;;;;72532;Èervený Potok;;;è.p.;81;;;56169;573528.90;1062059.80;2013-12-05T00:00:00
5607221;580481;Králíky;;;;;72532;Èervený Potok;;;è.p.;82;;;56169;573751.74;1061984.27;2013-12-05T00:00:00
5607230;580481;Králíky;;;;;72532;Èervený Potok;;;è.p.;83;;;56169;573777.70;1061979.40;2013-12-05T00:00:00
5607248;580481;Králíky;;;;;72541;Dolní Hedeè;;;è.p.;3;;;56169;575185.06;1065328.28;2013-12-05T00:00:00
5607256;580481;Králíky;;;;;72541;Dolní Hedeè;;;è.p.;5;;;56169;575121.56;1065181.00;2013-12-05T00:00:00
5607264;580481;Králíky;;;;;72541;Dolní Hedeè;;;è.p.;6;;;56169;575096.44;1065158.66;2013-12-05T00:00:00
5607281;580481;Králíky;;;;;72541;Dolní Hedeè;;;è.p.;12;;;56169;575010.11;1065051.59;2021-06-07T00:00:00
5607299;580481;Králíky;;;;;72541;Dolní Hedeè;;;è.p.;13;;;56169;574995.31;1065027.68;2013-12-05T00:00:00
5607302;580481;Králíky;;;;;72541;Dolní Hedeè;;;è.p.;14;;;56169;574975.00;1064993.61;2013-12-05T00:00:00
5607311;580481;Králíky;;;;;72541;Dolní Hedeè;;;è.p.;16;;;56169;574913.48;1064946.32;2026-01-26T00:00:00
5607337;580481;Králíky;;;;;72541;Dolní Hedeè;;;è.p.;18;;;56169;574864.31;1064877.32;2013-12-05T00:00:00
5607345;580481;Králíky;;;;;72541;Dolní Hedeè;;;è.p.;19;;;56169;574837.69;1064845.23;2013-12-05T00:00:00
5607353;580481;Králíky;;;;;72541;Dolní Hedeè;;;è.p.;21;;;56169;574834.66;1064784.58;2020-10-23T00:00:00
5607361;580481;Králíky;;;;;72541;Dolní Hedeè;;;è.p.;22;;;56169;574698.00;1064722.65;2013-12-05T00:00:00
5607370;580481;Králíky;;;;;72541;Dolní Hedeè;;;è.p.;23;;;56169;574812.42;1064762.50;2013-12-05T00:00:00
5607388;580481;Králíky;;;;;72541;Dolní Hedeè;;;è.p.;26;;;56169;574709.81;1064625.75;2013-12-05T00:00:00
5607396;580481;Králíky;;;;;72541;Dolní Hedeè;;;è.p.;27;;;56169;574694.58;1064610.81;2022-03-09T00:00:00
5607400;580481;Králíky;;;;;72541;Dolní Hedeè;;;è.p.;28;;;56169;574689.38;1064558.97;2013-12-05T00:00:00
5607418;580481;Králíky;;;;;72541;Dolní Hedeè;;;è.p.;30;;;56169;574654.63;1064461.55;2013-12-05T00:00:00
5607426;580481;Králíky;;;;;72541;Dolní Hedeè;;;è.p.;32;;;56169;574639.63;1064384.44;2013-12-05T00:00:00
5607434;580481;Králíky;;;;;72541;Dolní Hedeè;;;è.p.;34;;;56169;574582.12;1064297.62;2013-12-05T00:00:00
5607442;580481;Králíky;;;;;72541;Dolní Hedeè;;;è.p.;35;;;56169;574989.81;1065063.10;2013-12-05T00:00:00
5607451;580481;Králíky;;;;;72541;Dolní Hedeè;;;è.p.;40;;;56169;574985.31;1063820.68;2013-12-05T00:00:00
5607469;580481;Králíky;;;;;72541;Dolní Hedeè;;;è.p.;43;;;56169;575087.31;1063710.55;2013-12-05T00:00:00
5607477;580481;Králíky;;;;;72541;Dolní Hedeè;;;è.p.;45;;;56169;575167.44;1063788.04;2013-12-05T00:00:00
5607485;580481;Králíky;;;;;72541;Dolní Hedeè;;;è.p.;47;;;56169;575199.27;1063655.55;2013-12-05T00:00:00
5607493;580481;Králíky;;;;;72541;Dolní Hedeè;;;è.p.;48;;;56169;575271.75;1063583.34;2013-12-05T00:00:00
5607507;580481;Králíky;;;;;72541;Dolní Hedeè;;;è.p.;49;;;56169;575181.74;1063612.54;2013-12-05T00:00:00
5607515;580481;Králíky;;;;;72541;Dolní Hedeè;;;è.p.;51;;;56169;575104.51;1063670.38;2013-12-05T00:00:00
5607523;580481;Králíky;;;;;72541;Dolní Hedeè;;;è.p.;52;;;56169;575035.80;1063602.59;2013-12-05T00:00:00
5607531;580481;Králíky;;;;;72541;Dolní Hedeè;;;è.p.;53;;;56169;575023.55;1063702.39;2013-12-05T00:00:00
5607540;580481;Králíky;;;;;72541;Dolní Hedeè;;;è.p.;54;;;56169;574952.93;1063682.41;2013-12-05T00:00:00
5607558;580481;Králíky;;;;;72541;Dolní Hedeè;;;è.p.;55;;;56169;574939.20;1063752.46;2013-12-05T00:00:00
5607566;580481;Králíky;;;;;72541;Dolní Hedeè;;;è.p.;56;;;56169;574911.02;1063750.72;2013-12-05T00:00:00
5607574;580481;Králíky;;;;;72541;Dolní Hedeè;;;è.p.;57;;;56169;574862.35;1063751.30;2013-12-05T00:00:00
5607582;580481;Králíky;;;;;72541;Dolní Hedeè;;;è.p.;58;;;56169;574889.49;1063801.88;2013-12-05T00:00:00
5607591;580481;Králíky;;;;;72541;Dolní Hedeè;;;è.p.;59;;;56169;574850.48;1063875.28;2013-12-05T00:00:00
5607604;580481;Králíky;;;;;72541;Dolní Hedeè;;;è.p.;60;;;56169;574799.27;1063805.51;2013-12-05T00:00:00
5607612;580481;Králíky;;;;;72541;Dolní Hedeè;;;è.p.;62;;;56169;574674.16;1063907.42;2013-12-05T00:00:00
5607621;580481;Králíky;;;;;72541;Dolní Hedeè;;;è.p.;63;;;56169;574736.60;1063958.67;2013-12-05T00:00:00
5607639;580481;Králíky;;;;;72541;Dolní Hedeè;;;è.p.;64;;;56169;574846.05;1063904.00;2013-12-05T00:00:00
5607647;580481;Králíky;;;;;72541;Dolní Hedeè;;;è.p.;65;;;56169;574805.01;1063940.07;2013-12-05T00:00:00
5607655;580481;Králíky;;;;;72541;Dolní Hedeè;;;è.p.;66;;;56169;574802.51;1063769.21;2013-12-05T00:00:00
5607663;580481;Králíky;;;;;72541;Dolní Hedeè;;;è.p.;67;;;56169;574809.25;1063756.84;2013-12-05T00:00:00
5607671;580481;Králíky;;;;;72541;Dolní Hedeè;;;è.p.;73;;;56169;574599.25;1064184.33;2013-12-05T00:00:00
5607680;580481;Králíky;;;;;72541;Dolní Hedeè;;;è.p.;74;;;56169;574563.20;1064144.14;2013-12-05T00:00:00
5607698;580481;Králíky;;;;;72541;Dolní Hedeè;;;è.p.;75;;;56169;574582.11;1064211.91;2013-12-05T00:00:00
5607701;580481;Králíky;;;;;72541;Dolní Hedeè;;;è.p.;76;;;56169;574443.43;1064220.62;2013-12-05T00:00:00
5607710;580481;Králíky;;;;;72541;Dolní Hedeè;;;è.p.;78;;;56169;574580.72;1064353.82;2013-12-05T00:00:00
5607728;580481;Králíky;;;;;72541;Dolní Hedeè;;;è.p.;81;;;56169;574574.50;1064499.20;2013-12-05T00:00:00
5607736;580481;Králíky;;;;;72541;Dolní Hedeè;;;è.p.;85;;;56169;574680.64;1064612.93;2013-12-05T00:00:00
5607744;580481;Králíky;;;;;72541;Dolní Hedeè;;;è.p.;87;;;56169;574690.44;1064640.19;2013-12-05T00:00:00
5607752;580481;Králíky;;;;;72541;Dolní Hedeè;;;è.p.;88;;;56169;574608.88;1064684.92;2013-12-05T00:00:00
5607761;580481;Králíky;;;;;72541;Dolní Hedeè;;;è.p.;89;;;56169;574712.70;1064670.96;2013-12-05T00:00:00
5607779;580481;Králíky;;;;;72541;Dolní Hedeè;;;è.p.;90;;;56169;574744.38;1064702.58;2013-12-05T00:00:00
5607787;580481;Králíky;;;;;72541;Dolní Hedeè;;;è.p.;91;;;56169;574759.19;1064744.73;2021-02-18T00:00:00
5607795;580481;Králíky;;;;;72541;Dolní Hedeè;;;è.p.;93;;;56169;574674.50;1064772.33;2013-12-05T00:00:00
5607817;580481;Králíky;;;;;72541;Dolní Hedeè;;;è.p.;98;;;56169;574812.19;1064884.24;2013-12-05T00:00:00
5607825;580481;Králíky;;;;;72541;Dolní Hedeè;;;è.p.;100;;;56169;574850.44;1064900.48;2013-12-05T00:00:00
5607833;580481;Králíky;;;;;72541;Dolní Hedeè;;;è.p.;101;;;56169;574795.94;1064940.31;2013-12-05T00:00:00
5607841;580481;Králíky;;;;;72541;Dolní Hedeè;;;è.p.;102;;;56169;574835.06;1064898.89;2013-12-05T00:00:00
5607850;580481;Králíky;;;;;72541;Dolní Hedeè;;;è.p.;108;;;56169;574947.81;1065010.36;2013-12-05T00:00:00
5607868;580481;Králíky;;;;;72541;Dolní Hedeè;;;è.p.;112;;;56169;574983.69;1065125.23;2013-12-05T00:00:00
5607876;580481;Králíky;;;;;72541;Dolní Hedeè;;;è.p.;114;;;56169;574988.28;1065260.36;2013-12-05T00:00:00
5607884;580481;Králíky;;;;;72541;Dolní Hedeè;;;è.p.;117;;;56169;574918.88;1064975.77;2013-12-05T00:00:00
5607892;580481;Králíky;;;;;72541;Dolní Hedeè;;;è.p.;119;;;56169;574608.44;1064628.13;2013-12-05T00:00:00
5607906;580481;Králíky;;;;;72541;Dolní Hedeè;;;è.p.;120;;;56169;574857.88;1064762.58;2013-12-05T00:00:00
5607914;580481;Králíky;;;;;72541;Dolní Hedeè;;;è.ev.;31;;;56169;574667.06;1064492.10;2013-12-05T00:00:00
5607922;580481;Králíky;;;;;72559;Králíky;625914;Velké námìstí;è.p.;1;;;56169;576711.70;1063524.91;2013-12-05T00:00:00
5607931;580481;Králíky;;;;;72559;Králíky;625914;Velké námìstí;è.p.;2;;;56169;576712.95;1063502.52;2013-12-05T00:00:00
5607949;580481;Králíky;;;;;72559;Králíky;625914;Velké námìstí;è.p.;3;;;56169;576734.43;1063543.81;2013-12-05T00:00:00
5607957;580481;Králíky;;;;;72559;Králíky;625914;Velké námìstí;è.p.;4;;;56169;576745.07;1063551.28;2013-12-05T00:00:00
5607965;580481;Králíky;;;;;72559;Králíky;625914;Velké námìstí;è.p.;5;;;56169;576754.32;1063561.82;2013-12-05T00:00:00
5607973;580481;Králíky;;;;;72559;Králíky;625914;Velké námìstí;è.p.;6;;;56169;576766.94;1063573.00;2014-01-29T00:00:00
5607981;580481;Králíky;;;;;72559;Králíky;625698;Hluboká;è.p.;7;;;56169;576784.54;1063559.12;2014-01-24T00:00:00
5607990;580481;Králíky;;;;;72559;Králíky;625698;Hluboká;è.p.;8;;;56169;576794.73;1063555.17;2022-05-23T00:00:00
5608007;580481;Králíky;;;;;72559;Králíky;626163;Ztracená;è.p.;9;;;56169;576618.70;1063456.30;2014-01-24T00:00:00
5608015;580481;Králíky;;;;;72559;Králíky;626163;Ztracená;è.p.;10;;;56169;576630.60;1063439.52;2014-01-24T00:00:00
5608023;580481;Králíky;;;;;72559;Králíky;625698;Hluboká;è.p.;11;;;56169;576814.75;1063515.70;2014-01-24T00:00:00
5608031;580481;Králíky;;;;;72559;Králíky;625698;Hluboká;è.p.;12;;;56169;576820.82;1063504.49;2014-01-24T00:00:00
5608040;580481;Králíky;;;;;72559;Králíky;625698;Hluboká;è.p.;13;;;56169;576831.75;1063496.90;2014-01-24T00:00:00
5608058;580481;Králíky;;;;;72559;Králíky;625698;Hluboká;è.p.;14;;;56169;576848.69;1063494.40;2014-01-24T00:00:00
5608066;580481;Králíky;;;;;72559;Králíky;625876;Na Pískách;è.p.;19;;;56169;576567.23;1063555.62;2014-01-24T00:00:00
5608074;580481;Králíky;;;;;72559;Králíky;625744;Jana Opletala;è.p.;20;;;56169;576571.71;1063586.06;2014-01-24T00:00:00
5608082;580481;Králíky;;;;;72559;Králíky;625744;Jana Opletala;è.p.;21;;;56169;576564.02;1063616.50;2014-01-24T00:00:00
5608091;580481;Králíky;;;;;72559;Králíky;625744;Jana Opletala;è.p.;22;;;56169;576551.95;1063594.43;2014-01-24T00:00:00
5608104;580481;Králíky;;;;;72559;Králíky;625744;Jana Opletala;è.p.;23;;;56169;576543.40;1063585.02;2014-01-24T00:00:00
5608112;580481;Králíky;;;;;72559;Králíky;626147;Zahradní;è.p.;24;;;56169;576522.90;1063613.69;2013-12-05T00:00:00
5608121;580481;Králíky;;;;;72559;Králíky;626147;Zahradní;è.p.;25;;;56169;576502.36;1063630.24;2013-12-05T00:00:00
5608139;580481;Králíky;;;;;72559;Králíky;626147;Zahradní;è.p.;26;;;56169;576473.53;1063631.73;2013-12-05T00:00:00
5608147;580481;Králíky;;;;;72559;Králíky;626147;Zahradní;è.p.;27;;;56169;576486.21;1063651.97;2013-12-05T00:00:00
5608155;580481;Králíky;;;;;72559;Králíky;626147;Zahradní;è.p.;28;;;56169;576453.52;1063689.19;2013-12-05T00:00:00
5608163;580481;Králíky;;;;;72559;Králíky;626147;Zahradní;è.p.;29;;;56169;576422.98;1063686.80;2013-12-05T00:00:00
5608171;580481;Králíky;;;;;72559;Králíky;626147;Zahradní;è.p.;30;;;56169;576423.30;1063724.07;2013-12-05T00:00:00
5608180;580481;Králíky;;;;;72559;Králíky;626147;Zahradní;è.p.;32;;;56169;576390.74;1063752.61;2013-12-05T00:00:00
5608198;580481;Králíky;;;;;72559;Králíky;626147;Zahradní;è.p.;33;;;56169;576393.27;1063719.91;2013-12-05T00:00:00
5608201;580481;Králíky;;;;;72559;Králíky;626147;Zahradní;è.p.;34;;;56169;576385.04;1063727.75;2013-12-05T00:00:00
5608210;580481;Králíky;;;;;72559;Králíky;626023;17. listopadu;è.p.;37;;;56169;576353.96;1063831.72;2014-01-24T00:00:00
5608228;580481;Králíky;;;;;72559;Králíky;626023;17. listopadu;è.p.;38;;;56169;576319.31;1063840.28;2014-01-24T00:00:00
5608236;580481;Králíky;;;;;72559;Králíky;626023;17. listopadu;è.p.;39;;;56169;576321.66;1063812.86;2014-01-24T00:00:00
5608244;580481;Králíky;;;;;72559;Králíky;626015;Pøíkrá;è.p.;40;;;56169;576278.82;1063858.61;2019-12-11T00:00:00
5608252;580481;Králíky;;;;;72559;Králíky;626015;Pøíkrá;è.p.;42;;;56169;576274.83;1063831.07;2013-12-05T00:00:00
5608261;580481;Králíky;;;;;72559;Králíky;625981;Polní;è.p.;43;;;56169;576252.60;1063801.56;2014-01-24T00:00:00
5608279;580481;Králíky;;;;;72559;Králíky;626023;17. listopadu;è.p.;44;;;56169;576265.84;1063780.43;2013-12-05T00:00:00
5608287;580481;Králíky;;;;;72559;Králíky;625744;Jana Opletala;è.p.;45;;;56169;576265.16;1063751.19;2014-01-24T00:00:00
5608295;580481;Králíky;;;;;72559;Králíky;626023;17. listopadu;è.p.;48;;;56169;576222.10;1063801.45;2023-03-13T00:00:00
5608309;580481;Králíky;;;;;72559;Králíky;626023;17. listopadu;è.p.;49;;;56169;576186.27;1063811.70;2014-01-24T00:00:00
5608317;580481;Králíky;;;;;72559;Králíky;625981;Polní;è.p.;50;;;56169;576161.84;1063820.88;2014-01-24T00:00:00
5608325;580481;Králíky;;;;;72559;Králíky;625981;Polní;è.p.;51;;;56169;576159.12;1063855.67;2014-01-24T00:00:00
5608333;580481;Králíky;;;;;72559;Králíky;625981;Polní;è.p.;52;;;56169;576146.79;1063836.01;2014-01-24T00:00:00
5608341;580481;Králíky;;;;;72559;Králíky;625981;Polní;è.p.;53;;;56169;576210.28;1063861.25;2014-01-24T00:00:00
5608350;580481;Králíky;;;;;72559;Králíky;625981;Polní;è.p.;54;;;56169;576101.67;1063864.34;2014-01-24T00:00:00
5608368;580481;Králíky;;;;;72559;Králíky;625981;Polní;è.p.;55;;;56169;576090.34;1063842.90;2014-01-24T00:00:00
5608376;580481;Králíky;;;;;72559;Králíky;625981;Polní;è.p.;56;;;56169;576056.77;1063868.16;2014-01-24T00:00:00
5608384;580481;Králíky;;;;;72559;Králíky;625981;Polní;è.p.;57;;;56169;576061.67;1063837.94;2014-01-24T00:00:00
5608392;580481;Králíky;;;;;72559;Králíky;625981;Polní;è.p.;58;;;56169;576193.37;1063855.33;2014-01-24T00:00:00
5608406;580481;Králíky;;;;;72559;Králíky;625981;Polní;è.p.;59;;;56169;576025.60;1063857.94;2014-01-24T00:00:00
5608414;580481;Králíky;;;;;72559;Králíky;625981;Polní;è.p.;60;;;56169;576008.30;1063876.35;2014-01-24T00:00:00
5608422;580481;Králíky;;;;;72559;Králíky;625981;Polní;è.p.;61;;;56169;575913.81;1063822.53;2014-01-29T00:00:00
5608431;580481;Králíky;;;;;72559;Králíky;625981;Polní;è.p.;62;;;56169;575904.80;1063821.52;2014-01-29T00:00:00
5608449;580481;Králíky;;;;;72559;Králíky;625981;Polní;è.p.;63;;;56169;575895.90;1063821.02;2014-01-29T00:00:00
5608457;580481;Králíky;;;;;72559;Králíky;625981;Polní;è.p.;64;;;56169;575968.27;1063801.20;2014-01-29T00:00:00
5608465;580481;Králíky;;;;;72559;Králíky;625981;Polní;è.p.;65;;;56169;575887.16;1063819.73;2014-01-29T00:00:00
5608473;580481;Králíky;;;;;72559;Králíky;625981;Polní;è.p.;66;;;56169;575976.77;1063783.97;2014-01-29T00:00:00
5608481;580481;Králíky;;;;;72559;Králíky;625981;Polní;è.p.;67;;;56169;575877.63;1063818.41;2014-01-29T00:00:00
5608490;580481;Králíky;;;;;72559;Králíky;625981;Polní;è.p.;68;;;56169;575910.76;1063736.78;2014-01-29T00:00:00
5608503;580481;Králíky;;;;;72559;Králíky;625981;Polní;è.p.;69;;;56169;575892.64;1063774.30;2014-01-29T00:00:00
5608511;580481;Králíky;;;;;72559;Králíky;625981;Polní;è.p.;70;;;56169;575915.87;1063787.25;2014-01-29T00:00:00
5608520;580481;Králíky;;;;;72559;Králíky;625981;Polní;è.p.;71;;;56169;575967.39;1063751.01;2014-01-29T00:00:00
5608538;580481;Králíky;;;;;72559;Králíky;625981;Polní;è.p.;72;;;56169;575838.92;1063755.34;2014-01-29T00:00:00
5608546;580481;Králíky;;;;;72559;Králíky;625680;Hedeèská;è.p.;73;;;56169;575814.24;1063709.71;2014-01-29T00:00:00
5608554;580481;Králíky;;;;;72559;Králíky;625981;Polní;è.p.;74;;;56169;575946.19;1063764.28;2014-01-29T00:00:00
5608562;580481;Králíky;;;;;72559;Králíky;625981;Polní;è.p.;75;;;56169;575945.06;1063811.67;2014-01-24T00:00:00
5608571;580481;Králíky;;;;;72559;Králíky;625680;Hedeèská;è.p.;76;;;56169;575412.52;1063680.33;2014-01-29T00:00:00
5608589;580481;Králíky;;;;;72559;Králíky;625680;Hedeèská;è.p.;77;;;56169;575420.79;1063597.91;2014-01-29T00:00:00
5608597;580481;Králíky;;;;;72559;Králíky;625981;Polní;è.p.;78;;;56169;576001.56;1063807.39;2014-01-24T00:00:00
5608601;580481;Králíky;;;;;72559;Králíky;625981;Polní;è.p.;79;;;56169;575991.15;1063810.54;2014-01-24T00:00:00
5608619;580481;Králíky;;;;;72559;Králíky;625680;Hedeèská;è.p.;80;;;56169;575326.63;1063594.31;2014-01-29T00:00:00
5608627;580481;Králíky;;;;;72559;Králíky;625680;Hedeèská;è.p.;81;;;56169;575370.78;1063741.06;2014-01-29T00:00:00
5608635;580481;Králíky;;;;;72559;Králíky;625680;Hedeèská;è.p.;82;;;56169;575454.19;1063596.66;2014-01-29T00:00:00
5608643;580481;Králíky;;;;;72559;Králíky;625680;Hedeèská;è.p.;84;;;56169;575224.52;1063689.77;2014-01-29T00:00:00
5608651;580481;Králíky;;;;;72559;Králíky;625680;Hedeèská;è.p.;85;;;56169;575281.03;1063510.40;2014-01-29T00:00:00
5608660;580481;Králíky;;;;;72559;Králíky;625680;Hedeèská;è.p.;86;;;56169;575290.85;1063505.44;2014-01-29T00:00:00
5608678;580481;Králíky;;;;;72559;Králíky;625680;Hedeèská;è.p.;87;;;56169;575271.06;1063385.47;2014-01-29T00:00:00
5608686;580481;Králíky;;;;;72559;Králíky;625680;Hedeèská;è.p.;88;;;56169;575316.41;1063559.30;2014-01-29T00:00:00
5608694;580481;Králíky;;;;;72559;Králíky;626023;17. listopadu;è.p.;89;;;56169;576200.32;1063711.98;2013-12-05T00:00:00
5608708;580481;Králíky;;;;;72559;Králíky;625744;Jana Opletala;è.p.;90;;;56169;576210.84;1063708.85;2014-01-24T00:00:00
5608716;580481;Králíky;;;;;72559;Králíky;625680;Hedeèská;è.p.;91;;;56169;575452.38;1063492.76;2014-01-29T00:00:00
5608724;580481;Králíky;;;;;72559;Králíky;625744;Jana Opletala;è.p.;92;;;56169;576297.77;1063728.52;2014-01-24T00:00:00
5608732;580481;Králíky;;;;;72559;Králíky;625680;Hedeèská;è.p.;93;;;56169;575630.23;1063613.87;2014-01-29T00:00:00
5608741;580481;Králíky;;;;;72559;Králíky;625680;Hedeèská;è.p.;94;;;56169;575285.43;1063362.81;2014-01-29T00:00:00
5608759;580481;Králíky;;;;;72559;Králíky;626139;Za Pilou;è.p.;95;;;56169;576099.91;1063664.69;2014-01-29T00:00:00
5608767;580481;Králíky;;;;;72559;Králíky;626139;Za Pilou;è.p.;96;;;56169;576106.00;1063631.01;2014-01-29T00:00:00
5608775;580481;Králíky;;;;;72559;Králíky;625680;Hedeèská;è.p.;97;;;56169;575886.84;1063702.60;2014-01-29T00:00:00
5608783;580481;Králíky;;;;;72559;Králíky;625680;Hedeèská;è.p.;98;;;56169;575936.19;1063695.46;2014-01-29T00:00:00
5608791;580481;Králíky;;;;;72559;Králíky;625680;Hedeèská;è.p.;99;;;56169;575987.23;1063717.86;2014-01-29T00:00:00
5608805;580481;Králíky;;;;;72559;Králíky;626139;Za Pilou;è.p.;100;;;56169;576036.00;1063651.84;2014-01-29T00:00:00
5608813;580481;Králíky;;;;;72559;Králíky;626139;Za Pilou;è.p.;101;;;56169;576059.35;1063645.06;2014-01-29T00:00:00
5608821;580481;Králíky;;;;;72559;Králíky;625680;Hedeèská;è.p.;102;;;56169;576030.26;1063721.04;2014-01-29T00:00:00
5608830;580481;Králíky;;;;;72559;Králíky;625680;Hedeèská;è.p.;103;;;56169;576011.63;1063762.76;2014-01-29T00:00:00
5608848;580481;Králíky;;;;;72559;Králíky;625680;Hedeèská;è.p.;104;;;56169;576037.02;1063768.73;2014-01-29T00:00:00
5608856;580481;Králíky;;;;;72559;Králíky;626139;Za Pilou;è.p.;105;;;56169;576082.95;1063638.23;2014-01-29T00:00:00
5608864;580481;Králíky;;;;;72559;Králíky;625680;Hedeèská;è.p.;106;;;56169;576067.33;1063795.54;2014-01-24T00:00:00
5608872;580481;Králíky;;;;;72559;Králíky;625680;Hedeèská;è.p.;107;;;56169;576103.12;1063810.55;2014-01-24T00:00:00
5608881;580481;Králíky;;;;;72559;Králíky;626139;Za Pilou;è.p.;108;;;56169;576049.87;1063677.01;2014-01-29T00:00:00
5608899;580481;Králíky;;;;;72559;Králíky;625680;Hedeèská;è.p.;109;;;56169;576114.75;1063742.81;2014-01-29T00:00:00
5608902;580481;Králíky;;;;;72559;Králíky;625680;Hedeèská;è.p.;110;;;56169;576129.15;1063776.46;2014-01-24T00:00:00
5608911;580481;Králíky;;;;;72559;Králíky;625680;Hedeèská;è.p.;112;;;56169;576058.63;1063781.18;2014-01-24T00:00:00
5608929;580481;Králíky;;;;;72559;Králíky;626023;17. listopadu;è.p.;113;;;56169;576161.11;1063727.97;2014-01-24T00:00:00
5608937;580481;Králíky;;;;;72559;Králíky;626023;17. listopadu;è.p.;114;;;56169;576203.89;1063732.44;2013-12-05T00:00:00
5608945;580481;Králíky;;;;;72559;Králíky;626023;17. listopadu;è.p.;115;;;56169;576223.05;1063757.26;2013-12-05T00:00:00
5608953;580481;Králíky;;;;;72559;Králíky;625744;Jana Opletala;è.p.;116;;;56169;576234.56;1063740.11;2014-01-24T00:00:00
5608961;580481;Králíky;;;;;72559;Králíky;625744;Jana Opletala;è.p.;117;;;56169;576255.38;1063724.25;2014-01-24T00:00:00
5608970;580481;Králíky;;;;;72559;Králíky;625744;Jana Opletala;è.p.;118;;;56169;576283.27;1063742.84;2014-01-24T00:00:00
5608988;580481;Králíky;;;;;72559;Králíky;625680;Hedeèská;è.p.;119;;;56169;575909.47;1063683.70;2014-01-29T00:00:00
5608996;580481;Králíky;;;;;72559;Králíky;625680;Hedeèská;è.p.;120;;;56169;575888.50;1063676.74;2014-01-29T00:00:00
5609003;580481;Králíky;;;;;72559;Králíky;625744;Jana Opletala;è.p.;121;;;56169;576278.98;1063657.69;2014-01-24T00:00:00
5609011;580481;Králíky;;;;;72559;Králíky;626139;Za Pilou;è.p.;122;;;56169;576076.66;1063669.33;2014-01-29T00:00:00
5609038;580481;Králíky;;;;;72559;Králíky;625906;Nábøežní;è.p.;125;;;56169;576361.34;1063693.18;2014-01-24T00:00:00
5609046;580481;Králíky;;;;;72559;Králíky;625744;Jana Opletala;è.p.;126;;;56169;576358.29;1063662.41;2014-01-24T00:00:00
5609054;580481;Králíky;;;;;72559;Králíky;625744;Jana Opletala;è.p.;127;;;56169;576303.89;1063559.06;2022-05-30T00:00:00
5609062;580481;Králíky;;;;;72559;Králíky;625744;Jana Opletala;è.p.;128;;;56169;576372.07;1063615.34;2014-01-24T00:00:00
5609071;580481;Králíky;;;;;72559;Králíky;625744;Jana Opletala;è.p.;129;;;56169;576388.25;1063634.46;2014-01-24T00:00:00
5609089;580481;Králíky;;;;;72559;Králíky;625906;Nábøežní;è.p.;130;;;56169;576464.28;1063605.48;2014-01-24T00:00:00
5609097;580481;Králíky;;;;;72559;Králíky;625876;Na Pískách;è.p.;131;;;56169;576510.79;1063569.27;2014-01-24T00:00:00
5609101;580481;Králíky;;;;;72559;Králíky;625744;Jana Opletala;è.p.;132;;;56169;576424.95;1063571.22;2022-11-25T00:00:00
5609119;580481;Králíky;;;;;72559;Králíky;625876;Na Pískách;è.p.;133;;;56169;576528.45;1063542.10;2014-01-24T00:00:00
5609127;580481;Králíky;;;;;72559;Králíky;625876;Na Pískách;è.p.;134;;;56169;576522.99;1063511.33;2014-01-24T00:00:00
5609135;580481;Králíky;;;;;72559;Králíky;625876;Na Pískách;è.p.;135;;;56169;576563.26;1063500.78;2014-01-24T00:00:00
5609143;580481;Králíky;;;;;72559;Králíky;625876;Na Pískách;è.p.;136;;;56169;576616.01;1063482.76;2014-01-24T00:00:00
5609151;580481;Králíky;;;;;72559;Králíky;625876;Na Pískách;è.p.;137;;;56169;576641.55;1063468.70;2014-01-24T00:00:00
5609160;580481;Králíky;;;;;72559;Králíky;625876;Na Pískách;è.p.;138;;;56169;576662.42;1063460.21;2014-01-24T00:00:00
5609178;580481;Králíky;;;;;72559;Králíky;625876;Na Pískách;è.p.;139;;;56169;576696.87;1063456.71;2014-01-24T00:00:00
5609186;580481;Králíky;;;;;72559;Králíky;625876;Na Pískách;è.p.;141;;;56169;576802.18;1063445.32;2014-01-24T00:00:00
5609194;580481;Králíky;;;;;72559;Králíky;625876;Na Pískách;è.p.;142;;;56169;576821.78;1063443.66;2014-01-24T00:00:00
5609208;580481;Králíky;;;;;72559;Králíky;625876;Na Pískách;è.p.;143;;;56169;576832.98;1063445.16;2014-01-24T00:00:00
5609216;580481;Králíky;;;;;72559;Králíky;625876;Na Pískách;è.p.;144;;;56169;576848.32;1063444.04;2014-01-24T00:00:00
5609224;580481;Králíky;;;;;72559;Králíky;625876;Na Pískách;è.p.;145;;;56169;576865.16;1063435.95;2014-01-24T00:00:00
5609232;580481;Králíky;;;;;72559;Králíky;625841;Pivovarská;è.p.;146;;;56169;576857.58;1063470.81;2014-01-24T00:00:00
5609241;580481;Králíky;;;;;72559;Králíky;625841;Pivovarská;è.p.;147;;;56169;576879.00;1063469.35;2014-01-24T00:00:00
5609259;580481;Králíky;;;;;72559;Králíky;625841;Pivovarská;è.p.;148;;;56169;576910.63;1063436.23;2014-01-24T00:00:00
5609267;580481;Králíky;;;;;72559;Králíky;625892;Na Skøivánku;è.p.;149;;;56169;576837.93;1063386.89;2014-01-24T00:00:00
5609275;580481;Králíky;;;;;72559;Králíky;625892;Na Skøivánku;è.p.;150;;;56169;576847.12;1063389.72;2014-01-24T00:00:00
5609283;580481;Králíky;;;;;72559;Králíky;625841;Pivovarská;è.p.;151;;;56169;576921.73;1063316.86;2014-01-24T00:00:00
5609291;580481;Králíky;;;;;72559;Králíky;625892;Na Skøivánku;è.p.;152;;;56169;576890.91;1063367.12;2014-01-24T00:00:00
5609305;580481;Králíky;;;;;72559;Králíky;625892;Na Skøivánku;è.p.;153;;;56169;576890.39;1063341.74;2014-01-24T00:00:00
5609313;580481;Králíky;;;;;72559;Králíky;625892;Na Skøivánku;è.p.;154;;;56169;576921.15;1063372.58;2019-12-05T00:00:00
5609321;580481;Králíky;;;;;72559;Králíky;626058;Slunná stráò;è.p.;155;;;56169;576791.02;1063350.43;2014-01-24T00:00:00
5609330;580481;Králíky;;;;;72559;Králíky;626058;Slunná stráò;è.p.;156;;;56169;576768.28;1063356.19;2014-01-24T00:00:00
5609348;580481;Králíky;;;;;72559;Králíky;626058;Slunná stráò;è.p.;157;;;56169;576746.14;1063354.34;2014-01-24T00:00:00
5609356;580481;Králíky;;;;;72559;Králíky;625841;Pivovarská;è.p.;158;;;56169;576941.98;1063434.60;2013-12-05T00:00:00
5609364;580481;Králíky;;;;;72559;Králíky;626058;Slunná stráò;è.p.;159;;;56169;576723.28;1063355.91;2014-01-24T00:00:00
5609372;580481;Králíky;;;;;72559;Králíky;625841;Pivovarská;è.p.;160;;;56169;576931.75;1063457.42;2013-12-05T00:00:00
5609381;580481;Králíky;;;;;72559;Králíky;625841;Pivovarská;è.p.;161;;;56169;576928.67;1063478.42;2013-12-05T00:00:00
5609399;580481;Králíky;;;;;72559;Králíky;626058;Slunná stráò;è.p.;162;;;56169;576681.89;1063381.78;2014-01-24T00:00:00
5609402;580481;Králíky;;;;;72559;Králíky;625841;Pivovarská;è.p.;163;;;56169;576888.83;1063495.18;2013-12-05T00:00:00
5609429;580481;Králíky;;;;;72559;Králíky;626082;Tovární;è.p.;167;;;56169;577017.52;1063465.17;2019-11-05T00:00:00
5609437;580481;Králíky;;;;;72559;Králíky;626082;Tovární;è.p.;168;;;56169;577094.10;1063516.17;2013-12-05T00:00:00
5609445;580481;Králíky;;;;;72559;Králíky;626082;Tovární;è.p.;169;;;56169;577101.11;1063480.89;2013-12-05T00:00:00
5609453;580481;Králíky;;;;;72559;Králíky;626082;Tovární;è.p.;170;;;56169;577113.00;1063445.72;2013-12-05T00:00:00
5609461;580481;Králíky;;;;;72559;Králíky;626082;Tovární;è.p.;172;;;56169;577129.46;1063477.35;2013-12-05T00:00:00
5609470;580481;Králíky;;;;;72559;Králíky;626082;Tovární;è.p.;173;;;56169;577143.05;1063487.15;2013-12-05T00:00:00
5609488;580481;Králíky;;;;;72559;Králíky;626082;Tovární;è.p.;174;;;56169;577163.87;1063520.54;2013-12-05T00:00:00
5609500;580481;Králíky;;;;;72559;Králíky;626082;Tovární;è.p.;176;;;56169;577206.30;1063465.57;2013-12-05T00:00:00
5609518;580481;Králíky;;;;;72559;Králíky;626082;Tovární;è.p.;177;;;56169;577213.31;1063493.58;2013-12-05T00:00:00
5609526;580481;Králíky;;;;;72559;Králíky;626082;Tovární;è.p.;178;;;56169;577228.65;1063520.26;2013-12-05T00:00:00
5609534;580481;Králíky;;;;;72559;Králíky;626082;Tovární;è.p.;179;;;56169;577267.66;1063496.26;2013-12-05T00:00:00
5609542;580481;Králíky;;;;;72559;Králíky;626082;Tovární;è.p.;180;;;56169;577295.82;1063508.00;2013-12-05T00:00:00
5609551;580481;Králíky;;;;;72559;Králíky;626082;Tovární;è.p.;181;;;56169;577265.45;1063444.87;2013-12-05T00:00:00
5609569;580481;Králíky;;;;;72559;Králíky;626082;Tovární;è.p.;182;;;56169;577366.86;1063506.15;2020-05-25T00:00:00
5609577;580481;Králíky;;;;;72559;Králíky;626074;Tkalcovská;è.p.;183;;;56169;577478.25;1063569.04;2013-12-05T00:00:00
5609585;580481;Králíky;;;;;72559;Králíky;625663;Dolní;è.p.;184;;;56169;577434.00;1063567.00;2013-12-05T00:00:00
5609593;580481;Králíky;;;;;72559;Králíky;625663;Dolní;è.p.;185;;;56169;577416.60;1063560.61;2013-12-05T00:00:00
5609615;580481;Králíky;;;;;72559;Králíky;626074;Tkalcovská;è.p.;187;;;56169;577474.04;1063542.64;2013-12-05T00:00:00
5609623;580481;Králíky;;;;;72559;Králíky;625868;Na Køižovatce;è.p.;188;;;56169;577376.77;1063460.16;2013-12-05T00:00:00
5609640;580481;Králíky;;;;;72559;Králíky;625868;Na Køižovatce;è.p.;190;;;56169;577378.52;1063408.16;2013-12-05T00:00:00
5609658;580481;Králíky;;;;;72559;Králíky;625868;Na Køižovatce;è.p.;191;;;56169;577376.94;1063385.58;2013-12-05T00:00:00
5609666;580481;Králíky;;;;;72559;Králíky;625868;Na Køižovatce;è.p.;192;;;56169;577372.38;1063365.23;2013-12-05T00:00:00
5609674;580481;Králíky;;;;;72559;Králíky;625868;Na Køižovatce;è.p.;193;;;56169;577365.18;1063334.26;2013-12-05T00:00:00
5609682;580481;Králíky;;;;;72559;Králíky;625701;Hradecká;è.p.;195;;;56169;577912.15;1063495.27;2013-12-05T00:00:00
5609691;580481;Králíky;;;;;72559;Králíky;625701;Hradecká;è.p.;197;;;56169;578140.17;1063423.95;2013-12-05T00:00:00
5609704;580481;Králíky;;;;;72559;Králíky;625701;Hradecká;è.p.;198;;;56169;578247.44;1063424.14;2013-12-05T00:00:00
5609712;580481;Králíky;;;;;72559;Králíky;625701;Hradecká;è.p.;201;;;56169;578385.70;1063432.97;2013-12-05T00:00:00
5609721;580481;Králíky;;;;;72559;Králíky;625701;Hradecká;è.p.;202;;;56169;578406.60;1063448.52;2013-12-05T00:00:00
5609747;580481;Králíky;;;;;72559;Králíky;625990;Pøedmìstí;è.p.;205;;;56169;579506.50;1063241.13;2014-01-29T00:00:00
5609755;580481;Králíky;;;;;72559;Králíky;625990;Pøedmìstí;è.p.;208;;;56169;578868.40;1063548.69;2013-12-05T00:00:00
5609763;580481;Králíky;;;;;72559;Králíky;625990;Pøedmìstí;è.p.;209;;;56169;578693.09;1063622.87;2013-12-05T00:00:00
5609771;580481;Králíky;;;;;72559;Králíky;625990;Pøedmìstí;è.p.;210;;;56169;578641.67;1063633.06;2013-12-05T00:00:00
5609780;580481;Králíky;;;;;72559;Králíky;625990;Pøedmìstí;è.p.;211;;;56169;578563.65;1063788.85;2013-12-05T00:00:00
5609798;580481;Králíky;;;;;72559;Králíky;625990;Pøedmìstí;è.p.;213;;;56169;578539.83;1063807.23;2013-12-05T00:00:00
5609828;580481;Králíky;;;;;72559;Králíky;625701;Hradecká;è.p.;220;;;56169;577775.75;1063529.92;2013-12-05T00:00:00
5609836;580481;Králíky;;;;;72559;Králíky;625990;Pøedmìstí;è.p.;221;;;56169;578119.00;1063832.79;2013-12-05T00:00:00
5609844;580481;Králíky;;;;;72559;Králíky;625990;Pøedmìstí;è.p.;223;;;56169;578020.61;1063844.84;2013-12-05T00:00:00
5609852;580481;Králíky;;;;;72559;Králíky;625701;Hradecká;è.p.;224;;;56169;577747.52;1063540.28;2013-12-05T00:00:00
5609861;580481;Králíky;;;;;72559;Králíky;625990;Pøedmìstí;è.p.;225;;;56169;577978.09;1063895.18;2013-12-05T00:00:00
5609879;580481;Králíky;;;;;72559;Králíky;625710;Høbitovní;è.p.;226;;;56169;577766.11;1063781.85;2013-12-05T00:00:00
5609887;580481;Králíky;;;;;72559;Králíky;625710;Høbitovní;è.p.;227;;;56169;577536.16;1063815.24;2013-12-05T00:00:00
5609895;580481;Králíky;;;;;72559;Králíky;625710;Høbitovní;è.p.;228;;;56169;577507.92;1063811.86;2013-12-05T00:00:00
5609909;580481;Králíky;;;;;72559;Králíky;625701;Hradecká;è.p.;229;;;56169;577601.63;1063618.57;2013-12-05T00:00:00
5609917;580481;Králíky;;;;;72559;Králíky;625710;Høbitovní;è.p.;230;;;56169;577765.75;1063829.62;2013-12-05T00:00:00
5609925;580481;Králíky;;;;;72559;Králíky;625710;Høbitovní;è.p.;231;;;56169;577719.55;1063787.48;2013-12-05T00:00:00
5609933;580481;Králíky;;;;;72559;Králíky;625710;Høbitovní;è.p.;232;;;56169;577667.66;1063794.52;2013-12-05T00:00:00
5609941;580481;Králíky;;;;;72559;Králíky;625710;Høbitovní;è.p.;233;;;56169;577631.52;1063804.53;2013-12-05T00:00:00
5609950;580481;Králíky;;;;;72559;Králíky;625710;Høbitovní;è.p.;234;;;56169;577687.21;1063793.92;2013-12-05T00:00:00
5609968;580481;Králíky;;;;;72559;Králíky;625825;Luèní;è.p.;235;;;56169;577572.81;1063663.39;2013-12-05T00:00:00
5609976;580481;Králíky;;;;;72559;Králíky;625710;Høbitovní;è.p.;236;;;56169;577597.07;1063806.30;2013-12-05T00:00:00
5609984;580481;Králíky;;;;;72559;Králíky;625663;Dolní;è.p.;237;;;56169;577503.44;1063640.45;2013-12-05T00:00:00
5609992;580481;Králíky;;;;;72559;Králíky;625663;Dolní;è.p.;238;;;56169;577484.28;1063633.10;2013-12-05T00:00:00
5610001;580481;Králíky;;;;;72559;Králíky;625663;Dolní;è.p.;240;;;56169;577464.51;1063635.92;2013-12-05T00:00:00
5610010;580481;Králíky;;;;;72559;Králíky;625663;Dolní;è.p.;241;;;56169;577400.77;1063603.07;2013-12-05T00:00:00
5610028;580481;Králíky;;;;;72559;Králíky;625663;Dolní;è.p.;242;;;56169;577364.46;1063596.20;2013-12-05T00:00:00
5610036;580481;Králíky;;;;;72559;Králíky;625663;Dolní;è.p.;243;;;56169;577332.26;1063597.52;2013-12-05T00:00:00
5610044;580481;Králíky;;;;;72559;Králíky;625884;Na Pøíkopì;è.p.;244;;;56169;577293.06;1063608.68;2013-12-05T00:00:00
5610052;580481;Králíky;;;;;72559;Králíky;625663;Dolní;è.p.;245;;;56169;577357.08;1063594.19;2013-12-05T00:00:00
5610061;580481;Králíky;;;;;72559;Králíky;625884;Na Pøíkopì;è.p.;246;;;56169;577233.89;1063598.46;2013-12-05T00:00:00
5610079;580481;Králíky;;;;;72559;Králíky;625663;Dolní;è.p.;247;;;56169;577336.50;1063559.49;2013-12-05T00:00:00
5610087;580481;Králíky;;;;;72559;Králíky;625663;Dolní;è.p.;248;;;56169;577305.33;1063556.13;2013-12-05T00:00:00
5610095;580481;Králíky;;;;;72559;Králíky;625884;Na Pøíkopì;è.p.;249;;;56169;577267.18;1063614.94;2013-12-05T00:00:00
5610109;580481;Králíky;;;;;72559;Králíky;625663;Dolní;è.p.;250;;;56169;577194.37;1063584.61;2013-12-05T00:00:00
5610117;580481;Králíky;;;;;72559;Králíky;625663;Dolní;è.p.;252;;;56169;577148.07;1063558.51;2013-12-05T00:00:00
5610125;580481;Králíky;;;;;72559;Králíky;625663;Dolní;è.p.;254;;;56169;577051.90;1063558.36;2013-12-05T00:00:00
5610133;580481;Králíky;;;;;72559;Králíky;625663;Dolní;è.p.;255;;;56169;577117.01;1063562.54;2013-12-05T00:00:00
5610141;580481;Králíky;;;;;72559;Králíky;625663;Dolní;è.p.;256;;;56169;577090.46;1063565.46;2013-12-05T00:00:00
5610150;580481;Králíky;;;;;72559;Králíky;625663;Dolní;è.p.;257;;;56169;576997.39;1063555.73;2013-12-05T00:00:00
5610168;580481;Králíky;;;;;72559;Králíky;625663;Dolní;è.p.;258;;;56169;576983.03;1063543.56;2013-12-05T00:00:00
5610176;580481;Králíky;;;;;72559;Králíky;625663;Dolní;è.p.;259;;;56169;576941.40;1063510.18;2013-12-05T00:00:00
5610184;580481;Králíky;;;;;72559;Králíky;625841;Pivovarská;è.p.;261;;;56169;576863.97;1063521.58;2013-12-05T00:00:00
5610206;580481;Králíky;;;;;72559;Králíky;625698;Hluboká;è.p.;265;;;56169;576822.64;1063555.02;2014-01-29T00:00:00
5610214;580481;Králíky;;;;;72559;Králíky;625698;Hluboká;è.p.;266;;;56169;576818.44;1063567.48;2014-01-29T00:00:00
5610222;580481;Králíky;;;;;72559;Králíky;625698;Hluboká;è.p.;267;;;56169;576811.22;1063577.82;2014-01-29T00:00:00
5610231;580481;Králíky;;;;;72559;Králíky;625698;Hluboká;è.p.;268;;;56169;576800.07;1063582.57;2014-01-29T00:00:00
5610249;580481;Králíky;;;;;72559;Králíky;625698;Hluboká;è.p.;269;;;56169;576789.37;1063591.26;2014-01-29T00:00:00
5610257;580481;Králíky;;;;;72559;Králíky;625591;5. kvìtna;è.p.;270;;;56169;576787.15;1063603.47;2014-01-29T00:00:00
5610265;580481;Králíky;;;;;72559;Králíky;625841;Pivovarská;è.p.;271;;;56169;576890.43;1063535.54;2013-12-05T00:00:00
5610273;580481;Králíky;;;;;72559;Králíky;625914;Velké námìstí;è.p.;272;;;56169;576754.09;1063604.36;2014-01-29T00:00:00
5610281;580481;Králíky;;;;;72559;Králíky;625914;Velké námìstí;è.p.;273;;;56169;576742.71;1063613.44;2014-01-29T00:00:00
5610290;580481;Králíky;;;;;72559;Králíky;625914;Velké námìstí;è.p.;274;;;56169;576732.62;1063621.09;2014-01-29T00:00:00
5610303;580481;Králíky;;;;;72559;Králíky;625914;Velké námìstí;è.p.;275;;;56169;576725.52;1063633.33;2014-01-29T00:00:00
5610311;580481;Králíky;;;;;72559;Králíky;625914;Velké námìstí;è.p.;276;;;56169;576715.50;1063644.28;2014-01-29T00:00:00
5610320;580481;Králíky;;;;;72559;Králíky;625914;Velké námìstí;è.p.;277;;;56169;576701.53;1063650.28;2014-01-29T00:00:00
5610338;580481;Králíky;;;;;72559;Králíky;625655;Dlouhá;è.p.;278;;;56169;576701.29;1063671.03;2014-01-29T00:00:00
5610362;580481;Králíky;;;;;72559;Králíky;625655;Dlouhá;è.p.;281;;;56169;576673.40;1063692.66;2014-01-29T00:00:00
5610371;580481;Králíky;;;;;72559;Králíky;625655;Dlouhá;è.p.;282;;;56169;576663.40;1063705.11;2014-01-29T00:00:00
5610389;580481;Králíky;;;;;72559;Králíky;625655;Dlouhá;è.p.;283;;;56169;576642.90;1063707.70;2024-08-30T00:00:00
5610397;580481;Králíky;;;;;72559;Králíky;625655;Dlouhá;è.p.;284;;;56169;576634.21;1063725.27;2014-01-29T00:00:00
5610401;580481;Králíky;;;;;72559;Králíky;625655;Dlouhá;è.p.;285;;;56169;576626.86;1063737.52;2014-01-29T00:00:00
5610419;580481;Králíky;;;;;72559;Králíky;625655;Dlouhá;è.p.;286;;;56169;576616.41;1063744.99;2014-01-29T00:00:00
5610427;580481;Králíky;;;;;72559;Králíky;625655;Dlouhá;è.p.;287;;;56169;576608.73;1063752.81;2014-01-29T00:00:00
5610435;580481;Králíky;;;;;72559;Králíky;625655;Dlouhá;è.p.;288;;;56169;576601.22;1063760.24;2014-01-29T00:00:00
5610443;580481;Králíky;;;;;72559;Králíky;625655;Dlouhá;è.p.;289;;;56169;576591.16;1063767.71;2014-01-29T00:00:00
5610451;580481;Králíky;;;;;72559;Králíky;625655;Dlouhá;è.p.;290;;;56169;576584.02;1063776.38;2014-01-29T00:00:00
5610460;580481;Králíky;;;;;72559;Králíky;625655;Dlouhá;è.p.;291;;;56169;576577.95;1063787.76;2014-01-29T00:00:00
5610478;580481;Králíky;;;;;72559;Králíky;625957;Moravská;è.p.;292;;;56169;576616.34;1063898.39;2014-01-29T00:00:00
5610486;580481;Králíky;;;;;72559;Králíky;626031;Rùžová;è.p.;293;;;56169;576610.43;1063878.64;2014-01-29T00:00:00
5610494;580481;Králíky;;;;;72559;Králíky;625655;Dlouhá;è.p.;294;;;56169;576565.49;1063795.39;2014-01-29T00:00:00
5610508;580481;Králíky;;;;;72559;Králíky;625655;Dlouhá;è.p.;295;;;56169;576555.71;1063801.75;2014-01-29T00:00:00
5610516;580481;Králíky;;;;;72559;Králíky;625655;Dlouhá;è.p.;296;;;56169;576540.78;1063803.32;2020-01-17T00:00:00
5610524;580481;Králíky;;;;;72559;Králíky;625655;Dlouhá;è.p.;297;;;56169;576536.22;1063811.79;2014-01-29T00:00:00
5610532;580481;Králíky;;;;;72559;Králíky;625655;Dlouhá;è.p.;298;;;56169;576524.76;1063818.21;2014-01-29T00:00:00
5610541;580481;Králíky;;;;;72559;Králíky;625655;Dlouhá;è.p.;299;;;56169;576512.92;1063820.76;2014-01-29T00:00:00
5610559;580481;Králíky;;;;;72559;Králíky;625655;Dlouhá;è.p.;300;;;56169;576502.62;1063825.28;2014-01-29T00:00:00
5610567;580481;Králíky;;;;;72559;Králíky;625655;Dlouhá;è.p.;301;;;56169;576494.54;1063834.10;2014-01-29T00:00:00
5610575;580481;Králíky;;;;;72559;Králíky;625639;Èervenovodská;è.p.;302;;;56169;576485.17;1063835.54;2014-01-29T00:00:00
5610583;580481;Králíky;;;;;72559;Králíky;625833;Malé námìstí;è.p.;303;;;56169;576446.49;1063821.55;2013-12-05T00:00:00
5610591;580481;Králíky;;;;;72559;Králíky;625833;Malé námìstí;è.p.;304;;;56169;576444.06;1063846.66;2014-01-24T00:00:00
5610605;580481;Králíky;;;;;72559;Králíky;625787;Karla Èapka;è.p.;305;;;56169;576422.85;1063847.23;2013-12-05T00:00:00
5610613;580481;Králíky;;;;;72559;Králíky;625787;Karla Èapka;è.p.;306;;;56169;576412.10;1063854.27;2013-12-05T00:00:00
5610621;580481;Králíky;;;;;72559;Králíky;625787;Karla Èapka;è.p.;307;;;56169;576397.43;1063867.46;2013-12-05T00:00:00
5610630;580481;Králíky;;;;;72559;Králíky;625787;Karla Èapka;è.p.;308;;;56169;576383.52;1063889.09;2013-12-05T00:00:00
5610656;580481;Králíky;;;;;72559;Králíky;625639;Èervenovodská;è.p.;310;;;56169;576630.18;1063970.00;2014-01-24T00:00:00
5610664;580481;Králíky;;;;;72559;Králíky;625787;Karla Èapka;è.p.;311;;;56169;576337.15;1063949.53;2013-12-05T00:00:00
5610672;580481;Králíky;;;;;72559;Králíky;626104;V Aleji;è.p.;313;;;56169;576260.93;1063926.15;2013-12-05T00:00:00
5610681;580481;Králíky;;;;;72559;Králíky;626040;Sadová;è.p.;314;;;56169;576284.68;1063911.95;2013-12-05T00:00:00
5610699;580481;Králíky;;;;;72559;Králíky;626015;Pøíkrá;è.p.;315;;;56169;576337.11;1063855.04;2013-12-05T00:00:00
5610702;580481;Králíky;;;;;72559;Králíky;625787;Karla Èapka;è.p.;316;;;56169;576340.63;1063920.57;2013-12-05T00:00:00
5610711;580481;Králíky;;;;;72559;Králíky;625787;Karla Èapka;è.p.;317;;;56169;576400.10;1063836.59;2013-12-05T00:00:00
5610729;580481;Králíky;;;;;72559;Králíky;626040;Sadová;è.p.;318;;;56169;576300.20;1063887.57;2013-12-05T00:00:00
5610737;580481;Králíky;;;;;72559;Králíky;626040;Sadová;è.p.;319;;;56169;576292.99;1063894.07;2013-12-05T00:00:00
5610745;580481;Králíky;;;;;72559;Králíky;626023;17. listopadu;è.p.;320;;;56169;576411.05;1063799.43;2014-01-29T00:00:00
5610753;580481;Králíky;;;;;72559;Králíky;626023;17. listopadu;è.p.;321;;;56169;576425.91;1063796.74;2014-01-29T00:00:00
5610761;580481;Králíky;;;;;72559;Králíky;625833;Malé námìstí;è.p.;322;;;56169;576442.89;1063786.18;2014-01-29T00:00:00
5610770;580481;Králíky;;;;;72559;Králíky;625761;Valdštejnova;è.p.;323;;;56169;576455.28;1063776.27;2014-01-29T00:00:00
5610788;580481;Králíky;;;;;72559;Králíky;625761;Valdštejnova;è.p.;324;;;56169;576459.59;1063766.10;2014-01-29T00:00:00
5610796;580481;Králíky;;;;;72559;Králíky;625761;Valdštejnova;è.p.;325;;;56169;576471.27;1063760.41;2014-01-29T00:00:00
5610800;580481;Králíky;;;;;72559;Králíky;625761;Valdštejnova;è.p.;326;;;56169;576477.99;1063752.18;2014-01-29T00:00:00
5610818;580481;Králíky;;;;;72559;Králíky;625761;Valdštejnova;è.p.;327;;;56169;576485.47;1063742.66;2014-01-29T00:00:00
5610826;580481;Králíky;;;;;72559;Králíky;625761;Valdštejnova;è.p.;328;;;56169;576491.86;1063733.33;2014-01-29T00:00:00
5610834;580481;Králíky;;;;;72559;Králíky;625761;Valdštejnova;è.p.;329;;;56169;576499.50;1063724.48;2013-12-05T00:00:00
5610842;580481;Králíky;;;;;72559;Králíky;625761;Valdštejnova;è.p.;330;;;56169;576508.18;1063716.27;2013-12-05T00:00:00
5610851;580481;Králíky;;;;;72559;Králíky;625761;Valdštejnova;è.p.;331;;;56169;576518.10;1063708.30;2013-12-05T00:00:00
5610869;580481;Králíky;;;;;72559;Králíky;625761;Valdštejnova;è.p.;332;;;56169;576534.00;1063704.72;2020-08-04T00:00:00
5610877;580481;Králíky;;;;;72559;Králíky;625761;Valdštejnova;è.p.;333;;;56169;576537.47;1063685.21;2013-12-05T00:00:00
5610885;580481;Králíky;;;;;72559;Králíky;625761;Valdštejnova;è.p.;334;;;56169;576549.06;1063678.29;2013-12-05T00:00:00
5610893;580481;Králíky;;;;;72559;Králíky;625761;Valdštejnova;è.p.;335;;;56169;576561.52;1063669.87;2013-12-05T00:00:00
5610907;580481;Králíky;;;;;72559;Králíky;625761;Valdštejnova;è.p.;336;;;56169;576602.70;1063664.72;2013-12-05T00:00:00
5610915;580481;Králíky;;;;;72559;Králíky;625761;Valdštejnova;è.p.;337;;;56169;576474.36;1063783.21;2014-01-29T00:00:00
5610923;580481;Králíky;;;;;72559;Králíky;625833;Malé námìstí;è.p.;338;;;56169;576482.77;1063791.68;2014-01-29T00:00:00
5610931;580481;Králíky;;;;;72559;Králíky;625655;Dlouhá;è.p.;340;;;56169;576505.18;1063800.69;2014-01-29T00:00:00
5610940;580481;Králíky;;;;;72559;Králíky;625655;Dlouhá;è.p.;341;;;56169;576511.60;1063784.48;2014-01-29T00:00:00
5610958;580481;Králíky;;;;;72559;Králíky;625655;Dlouhá;è.p.;342;;;56169;576529.05;1063792.25;2014-01-29T00:00:00
5610966;580481;Králíky;;;;;72559;Králíky;625655;Dlouhá;è.p.;343;;;56169;576538.53;1063783.96;2014-01-29T00:00:00
5610974;580481;Králíky;;;;;72559;Králíky;625655;Dlouhá;è.p.;344;;;56169;576545.66;1063776.37;2014-01-29T00:00:00
5610982;580481;Králíky;;;;;72559;Králíky;625655;Dlouhá;è.p.;345;;;56169;576556.12;1063769.61;2014-01-29T00:00:00
5610991;580481;Králíky;;;;;72559;Králíky;625655;Dlouhá;è.p.;346;;;56169;576565.05;1063762.38;2014-01-29T00:00:00
5611016;580481;Králíky;;;;;72559;Králíky;625761;Valdštejnova;è.p.;347;;;56169;576568.85;1063748.68;2019-01-25T00:00:00
5611024;580481;Králíky;;;;;72559;Králíky;625655;Dlouhá;è.p.;348;;;56169;576577.14;1063744.32;2014-01-29T00:00:00
5611032;580481;Králíky;;;;;72559;Králíky;625655;Dlouhá;è.p.;349;;;56169;576587.03;1063738.21;2014-01-29T00:00:00
5611041;580481;Králíky;;;;;72559;Králíky;625655;Dlouhá;è.p.;350;;;56169;576592.81;1063728.35;2014-01-29T00:00:00
5611059;580481;Králíky;;;;;72559;Králíky;625655;Dlouhá;è.p.;351;;;56169;576602.33;1063721.18;2014-01-29T00:00:00
5611067;580481;Králíky;;;;;72559;Králíky;625655;Dlouhá;è.p.;353;;;56169;576622.98;1063693.39;2014-01-29T00:00:00
5611075;580481;Králíky;;;;;72559;Králíky;625914;Velké námìstí;è.p.;354;;;56169;576669.93;1063654.68;2014-01-29T00:00:00
5611083;580481;Králíky;;;;;72559;Králíky;625914;Velké námìstí;è.p.;355;;;56169;576661.75;1063647.30;2014-01-29T00:00:00
5611091;580481;Králíky;;;;;72559;Králíky;625914;Velké námìstí;è.p.;356;;;56169;576650.19;1063643.68;2014-01-29T00:00:00
5611105;580481;Králíky;;;;;72559;Králíky;625914;Velké námìstí;è.p.;357;;;56169;576639.20;1063635.22;2013-12-05T00:00:00
5611113;580481;Králíky;;;;;72559;Králíky;625914;Velké námìstí;è.p.;358;;;56169;576632.85;1063623.56;2013-12-05T00:00:00
5611121;580481;Králíky;;;;;72559;Králíky;625761;Valdštejnova;è.p.;359;;;56169;576612.57;1063619.81;2013-12-05T00:00:00
5611130;580481;Králíky;;;;;72559;Králíky;625744;Jana Opletala;è.p.;360;;;56169;576593.83;1063594.68;2014-01-24T00:00:00
5611148;580481;Králíky;;;;;72559;Králíky;625744;Jana Opletala;è.p.;361;;;56169;576620.82;1063596.91;2014-01-24T00:00:00
5611156;580481;Králíky;;;;;72559;Králíky;625914;Velké námìstí;è.p.;362;;;56169;576631.82;1063588.88;2013-12-05T00:00:00
5611164;580481;Králíky;;;;;72559;Králíky;625914;Velké námìstí;è.p.;363;;;56169;576642.49;1063578.79;2013-12-05T00:00:00
5611172;580481;Králíky;;;;;72559;Králíky;625914;Velké námìstí;è.p.;364;;;56169;576648.62;1063565.26;2013-12-05T00:00:00
5611181;580481;Králíky;;;;;72559;Králíky;625914;Velké námìstí;è.p.;365;;;56169;576656.45;1063553.11;2013-12-05T00:00:00
5611199;580481;Králíky;;;;;72559;Králíky;625914;Velké námìstí;è.p.;366;;;56169;576679.24;1063558.47;2023-03-28T00:00:00
5611202;580481;Králíky;;;;;72559;Králíky;625914;Velké námìstí;è.p.;367;;;56169;576684.11;1063525.40;2013-12-05T00:00:00
5611211;580481;Králíky;;;;;72559;Králíky;;;è.p.;369;;;56169;575728.67;1064772.88;2013-12-05T00:00:00
5611229;580481;Králíky;;;;;72559;Králíky;625591;5. kvìtna;è.p.;372;;;56169;577198.69;1063652.54;2013-12-05T00:00:00
5611237;580481;Králíky;;;;;72559;Králíky;625825;Luèní;è.p.;373;;;56169;577687.76;1063662.55;2013-12-05T00:00:00
5611245;580481;Králíky;;;;;72559;Králíky;625787;Karla Èapka;è.p.;374;;;56169;576338.24;1064048.30;2013-12-05T00:00:00
5611253;580481;Králíky;;;;;72559;Králíky;625906;Nábøežní;è.p.;375;;;56169;576391.02;1063670.82;2014-01-24T00:00:00
5611270;580481;Králíky;;;;;72559;Králíky;625876;Na Pískách;è.p.;378;;;56169;576775.40;1063459.85;2014-01-24T00:00:00
5611288;580481;Králíky;;;;;72559;Králíky;625892;Na Skøivánku;è.p.;381;;;56169;576874.91;1063344.57;2014-01-24T00:00:00
5611296;580481;Králíky;;;;;72559;Králíky;625591;5. kvìtna;è.p.;383;;;56169;577186.48;1063712.18;2013-12-05T00:00:00
5611300;580481;Králíky;;;;;72559;Králíky;625965;Plynárenská;è.p.;384;;;56169;577132.89;1064051.78;2013-12-05T00:00:00
5611318;580481;Králíky;;;;;72559;Králíky;625591;5. kvìtna;è.p.;385;;;56169;577257.52;1063743.05;2013-12-05T00:00:00
5611326;580481;Králíky;;;;;72559;Králíky;625701;Hradecká;è.p.;386;;;56169;577580.35;1063542.26;2013-12-05T00:00:00
5611334;580481;Králíky;;;;;72559;Králíky;625701;Hradecká;è.p.;387;;;56169;577540.75;1063471.43;2013-12-05T00:00:00
5611342;580481;Králíky;;;;;72559;Králíky;625591;5. kvìtna;è.p.;388;;;56169;577104.95;1063649.78;2013-12-05T00:00:00
5611351;580481;Králíky;;;;;72559;Králíky;625663;Dolní;è.p.;389;;;56169;577384.79;1063543.63;2013-12-05T00:00:00
5611369;580481;Králíky;;;;;72559;Králíky;625710;Høbitovní;è.p.;390;;;56169;577403.57;1063774.30;2013-12-05T00:00:00
5611377;580481;Králíky;;;;;72559;Králíky;625591;5. kvìtna;è.p.;391;;;56169;577148.14;1063652.61;2013-12-05T00:00:00
5611385;580481;Králíky;;;;;72559;Králíky;625639;Èervenovodská;è.p.;392;;;56169;576626.09;1064162.16;2013-12-05T00:00:00
5611393;580481;Králíky;;;;;72559;Králíky;625841;Pivovarská;è.p.;393;;;56169;577002.13;1063402.32;2013-12-05T00:00:00
5611407;580481;Králíky;;;;;72559;Králíky;626082;Tovární;è.p.;394;;;56169;577051.18;1063424.28;2013-12-05T00:00:00
5611415;580481;Králíky;;;;;72559;Králíky;625931;Nádražní;è.p.;395;;;56169;577012.92;1063969.53;2013-12-05T00:00:00
5611423;580481;Králíky;;;;;72559;Králíky;626091;U Zastávky;è.p.;396;;;56169;577562.91;1063258.44;2013-12-05T00:00:00
5611431;580481;Králíky;;;;;72559;Králíky;626091;U Zastávky;è.p.;397;;;56169;577543.19;1063261.92;2013-12-05T00:00:00
5611440;580481;Králíky;;;;;72559;Králíky;626091;U Zastávky;è.p.;398;;;56169;577522.75;1063265.39;2013-12-05T00:00:00
5611458;580481;Králíky;;;;;72559;Králíky;626091;U Zastávky;è.p.;399;;;56169;577503.71;1063269.10;2013-12-05T00:00:00
5611466;580481;Králíky;;;;;72559;Králíky;626091;U Zastávky;è.p.;400;;;56169;577484.97;1063272.80;2013-12-05T00:00:00
5611474;580481;Králíky;;;;;72559;Králíky;626091;U Zastávky;è.p.;401;;;56169;577461.78;1063276.31;2013-12-05T00:00:00
5611482;580481;Králíky;;;;;72559;Králíky;626091;U Zastávky;è.p.;402;;;56169;577437.95;1063280.48;2013-12-05T00:00:00
5611491;580481;Králíky;;;;;72559;Králíky;626091;U Zastávky;è.p.;403;;;56169;577414.15;1063284.67;2013-12-05T00:00:00
5611504;580481;Králíky;;;;;72559;Králíky;626091;U Zastávky;è.p.;404;;;56169;577387.49;1063289.41;2013-12-05T00:00:00
5611512;580481;Králíky;;;;;72559;Králíky;625850;Berlínská;è.p.;405;;;56169;577395.93;1063335.82;2013-12-05T00:00:00
5611521;580481;Králíky;;;;;72559;Králíky;625850;Berlínská;è.p.;406;;;56169;577422.61;1063331.03;2013-12-05T00:00:00
5611539;580481;Králíky;;;;;72559;Králíky;626091;U Zastávky;è.p.;407;;;56169;577612.10;1063249.77;2013-12-05T00:00:00
5611547;580481;Králíky;;;;;72559;Králíky;626091;U Zastávky;è.p.;408;;;56169;577586.13;1063253.39;2013-12-05T00:00:00
5611555;580481;Králíky;;;;;72559;Králíky;625591;5. kvìtna;è.p.;410;;;56169;577427.77;1063712.44;2013-12-05T00:00:00
5611563;580481;Králíky;;;;;72559;Králíky;625591;5. kvìtna;è.p.;411;;;56169;577436.23;1063727.73;2013-12-05T00:00:00
5611571;580481;Králíky;;;;;72559;Králíky;625591;5. kvìtna;è.p.;412;;;56169;576976.86;1063637.15;2013-12-05T00:00:00
5611580;580481;Králíky;;;;;72559;Králíky;626082;Tovární;è.p.;413;;;56169;577079.95;1063472.24;2013-12-05T00:00:00
5611598;580481;Králíky;;;;;72559;Králíky;625591;5. kvìtna;è.p.;414;;;56169;577053.28;1063695.53;2013-12-05T00:00:00
5611601;580481;Králíky;;;;;72559;Králíky;626082;Tovární;è.p.;415;;;56169;577322.06;1063516.32;2013-12-05T00:00:00
5611610;580481;Králíky;;;;;72559;Králíky;625591;5. kvìtna;è.p.;416;;;56169;577414.09;1063712.93;2013-12-05T00:00:00
5611628;580481;Králíky;;;;;72559;Králíky;625591;5. kvìtna;è.p.;417;;;56169;577395.89;1063709.54;2013-12-05T00:00:00
5611636;580481;Králíky;;;;;72559;Králíky;625957;Moravská;è.p.;418;;;56169;576757.43;1063784.03;2013-12-05T00:00:00
5611644;580481;Králíky;;;;;72559;Králíky;626082;Tovární;è.p.;419;;;56169;577391.36;1063514.48;2013-12-05T00:00:00
5611652;580481;Králíky;;;;;72559;Králíky;625965;Plynárenská;è.p.;579;;;56169;577176.56;1064015.06;2013-12-05T00:00:00
5611661;580481;Králíky;;;;;72559;Králíky;625957;Moravská;è.p.;421;;;56169;576741.26;1063802.19;2013-12-05T00:00:00
5611679;580481;Králíky;;;;;72559;Králíky;625591;5. kvìtna;è.p.;422;;;56169;576983.56;1063691.83;2013-12-05T00:00:00
5611687;580481;Králíky;;;;;72559;Králíky;625841;Pivovarská;è.p.;423;;;56169;576943.45;1063592.78;2013-12-05T00:00:00
5611695;580481;Králíky;;;;;72559;Králíky;626015;Pøíkrá;è.p.;424;;;56169;576294.60;1063855.48;2013-12-05T00:00:00
5611709;580481;Králíky;;;;;72559;Králíky;625965;Plynárenská;è.p.;425;;;56169;577070.57;1063754.88;2013-12-05T00:00:00
5611717;580481;Králíky;;;;;72559;Králíky;625990;Pøedmìstí;è.p.;426;;;56169;577980.02;1063835.21;2013-12-05T00:00:00
5611725;580481;Králíky;;;;;72559;Králíky;625990;Pøedmìstí;è.p.;427;;;56169;579388.26;1063355.59;2014-01-29T00:00:00
5611733;580481;Králíky;;;;;72559;Králíky;625990;Pøedmìstí;è.p.;428;;;56169;579456.69;1063345.68;2014-01-29T00:00:00
5611741;580481;Králíky;;;;;72559;Králíky;625990;Pøedmìstí;è.p.;429;;;56169;579491.37;1063288.27;2014-01-29T00:00:00
5611750;580481;Králíky;;;;;72559;Králíky;625990;Pøedmìstí;è.p.;430;;;56169;579432.37;1063380.39;2014-01-29T00:00:00
5611768;580481;Králíky;;;;;72559;Králíky;625990;Pøedmìstí;è.p.;431;;;56169;579425.93;1063393.98;2014-01-29T00:00:00
5611776;580481;Králíky;;;;;72559;Králíky;625990;Pøedmìstí;è.p.;432;;;56169;579436.35;1063303.38;2014-01-29T00:00:00
5611784;580481;Králíky;;;;;72559;Králíky;625591;5. kvìtna;è.p.;433;;;56169;577357.17;1063702.72;2013-12-05T00:00:00
5611792;580481;Králíky;;;;;72559;Králíky;625591;5. kvìtna;è.p.;435;;;56169;577075.61;1063644.86;2013-12-05T00:00:00
5611806;580481;Králíky;;;;;72559;Králíky;625825;Luèní;è.p.;436;;;56169;577714.81;1063658.81;2013-12-05T00:00:00
5611814;580481;Králíky;;;;;72559;Králíky;625825;Luèní;è.p.;437;;;56169;577722.13;1063662.94;2013-12-05T00:00:00
5611822;580481;Králíky;;;;;72559;Králíky;625825;Luèní;è.p.;438;;;56169;577729.32;1063663.05;2013-12-05T00:00:00
5611831;580481;Králíky;;;;;72559;Králíky;625825;Luèní;è.p.;439;;;56169;577736.42;1063666.37;2013-12-05T00:00:00
5611849;580481;Králíky;;;;;72559;Králíky;625825;Luèní;è.p.;440;;;56169;577743.72;1063666.53;2013-12-05T00:00:00
5611857;580481;Králíky;;;;;72559;Králíky;625825;Luèní;è.p.;441;;;56169;577752.67;1063667.03;2013-12-05T00:00:00
5611865;580481;Králíky;;;;;72559;Králíky;625825;Luèní;è.p.;442;;;56169;577655.28;1063666.71;2013-12-05T00:00:00
5611873;580481;Králíky;;;;;72559;Králíky;625825;Luèní;è.p.;443;;;56169;577635.05;1063662.85;2013-12-05T00:00:00
5611881;580481;Králíky;;;;;72559;Králíky;625591;5. kvìtna;è.p.;444;;;56169;577529.44;1063657.75;2013-12-05T00:00:00
5611890;580481;Králíky;;;;;72559;Králíky;625671;Františka Palackého;è.p.;445;;;56169;576268.37;1063975.40;2013-12-05T00:00:00
5611903;580481;Králíky;;;;;72559;Králíky;626104;V Aleji;è.p.;446;;;56169;576238.66;1063998.39;2013-12-05T00:00:00
5611911;580481;Králíky;;;;;72559;Králíky;625671;Františka Palackého;è.p.;447;;;56169;576271.72;1063998.89;2019-07-04T00:00:00
5611920;580481;Králíky;;;;;72559;Králíky;625671;Františka Palackého;è.p.;448;;;56169;576279.82;1064029.11;2013-12-05T00:00:00
5611938;580481;Králíky;;;;;72559;Králíky;625604;Aloise Jiráska;è.p.;449;;;56169;576223.23;1064040.65;2020-08-12T00:00:00
5611946;580481;Králíky;;;;;72559;Králíky;625604;Aloise Jiráska;è.p.;450;;;56169;576231.89;1064090.68;2013-12-05T00:00:00
5611954;580481;Králíky;;;;;72559;Králíky;625671;Františka Palackého;è.p.;451;;;56169;576289.25;1064052.51;2013-12-05T00:00:00
5611962;580481;Králíky;;;;;72559;Králíky;625728;Husova;è.p.;452;;;56169;576236.08;1064122.58;2013-12-05T00:00:00
5611971;580481;Králíky;;;;;72559;Králíky;626104;V Aleji;è.p.;453;;;56169;576222.04;1064015.78;2013-12-05T00:00:00
5611989;580481;Králíky;;;;;72559;Králíky;625728;Husova;è.p.;454;;;56169;576275.89;1064077.01;2013-12-05T00:00:00
5611997;580481;Králíky;;;;;72559;Králíky;625728;Husova;è.p.;455;;;56169;576266.80;1064112.27;2013-12-05T00:00:00
5612004;580481;Králíky;;;;;72559;Králíky;625671;Františka Palackého;è.p.;456;;;56169;576297.11;1064105.37;2013-12-05T00:00:00
5612012;580481;Králíky;;;;;72559;Králíky;626104;V Aleji;è.p.;457;;;56169;576233.25;1063951.62;2013-12-05T00:00:00
5612021;580481;Králíky;;;;;72559;Králíky;626104;V Aleji;è.p.;458;;;56169;576214.66;1063965.82;2013-12-05T00:00:00
5612039;580481;Králíky;;;;;72559;Králíky;625973;Pod dìtským domovem;è.p.;459;;;56169;577161.01;1063939.54;2019-11-11T00:00:00
5612047;580481;Králíky;;;;;72559;Králíky;625787;Karla Èapka;è.p.;460;;;56169;576360.69;1063862.64;2013-12-05T00:00:00
5612055;580481;Králíky;;;;;72559;Králíky;625639;Èervenovodská;è.p.;461;;;56169;576619.80;1063933.40;2014-01-29T00:00:00
5612063;580481;Králíky;;;;;72559;Králíky;626031;Rùžová;è.p.;462;;;56169;576557.95;1063897.82;2014-01-29T00:00:00
5612071;580481;Králíky;;;;;72559;Králíky;625825;Luèní;è.p.;463;;;56169;577612.74;1063664.64;2013-12-05T00:00:00
5612080;580481;Králíky;;;;;72559;Králíky;625825;Luèní;è.p.;464;;;56169;577604.52;1063665.35;2013-12-05T00:00:00
5612098;580481;Králíky;;;;;72559;Králíky;625591;5. kvìtna;è.p.;465;;;56169;577485.49;1063671.77;2013-12-05T00:00:00
5612101;580481;Králíky;;;;;72559;Králíky;625591;5. kvìtna;è.p.;466;;;56169;577463.84;1063689.29;2020-06-17T00:00:00
5612110;580481;Králíky;;;;;72559;Králíky;626023;17. listopadu;è.p.;467;;;56169;576307.94;1063788.33;2013-12-05T00:00:00
5612128;580481;Králíky;;;;;72559;Králíky;626147;Zahradní;è.p.;468;;;56169;576331.16;1063772.33;2013-12-05T00:00:00
5612136;580481;Králíky;;;;;72559;Králíky;626031;Rùžová;è.p.;470;;;56169;576410.36;1063958.35;2014-01-24T00:00:00
5612144;580481;Králíky;;;;;72559;Králíky;626031;Rùžová;è.p.;471;;;56169;576417.40;1063954.34;2014-01-24T00:00:00
5612152;580481;Králíky;;;;;72559;Králíky;626031;Rùžová;è.p.;472;;;56169;576432.36;1063945.07;2014-01-24T00:00:00
5612161;580481;Králíky;;;;;72559;Králíky;625922;Orlická;è.p.;473;;;56169;576440.26;1063981.58;2013-12-05T00:00:00
5612179;580481;Králíky;;;;;72559;Králíky;626031;Rùžová;è.p.;474;;;56169;576422.98;1063990.55;2014-01-24T00:00:00
5612187;580481;Králíky;;;;;72559;Králíky;625787;Karla Èapka;è.p.;475;;;56169;576399.27;1064009.98;2013-12-05T00:00:00
5612195;580481;Králíky;;;;;72559;Králíky;625931;Nádražní;è.p.;476;;;56169;576986.20;1063889.46;2013-12-05T00:00:00
5612209;580481;Králíky;;;;;72559;Králíky;625931;Nádražní;è.p.;477;;;56169;576977.46;1063873.44;2013-12-05T00:00:00
5612217;580481;Králíky;;;;;72559;Králíky;625931;Nádražní;è.p.;478;;;56169;576974.62;1063847.63;2013-12-05T00:00:00
5612225;580481;Králíky;;;;;72559;Králíky;625931;Nádražní;è.p.;479;;;56169;576968.86;1063766.12;2013-12-05T00:00:00
5612233;580481;Králíky;;;;;72559;Králíky;625931;Nádražní;è.p.;480;;;56169;576945.66;1063748.62;2013-12-05T00:00:00
5612241;580481;Králíky;;;;;72559;Králíky;625957;Moravská;è.p.;481;;;56169;576886.12;1063688.84;2013-12-05T00:00:00
5612250;580481;Králíky;;;;;72559;Králíky;625931;Nádražní;è.p.;482;;;56169;576900.11;1063722.54;2019-10-21T00:00:00
5612268;580481;Králíky;;;;;72559;Králíky;625931;Nádražní;è.p.;483;;;56169;576897.79;1063773.91;2013-12-05T00:00:00
5612276;580481;Králíky;;;;;72559;Králíky;625931;Nádražní;è.p.;484;;;56169;576927.95;1063802.92;2013-12-05T00:00:00
5612284;580481;Králíky;;;;;72559;Králíky;625931;Nádražní;è.p.;485;;;56169;576935.16;1063821.14;2013-12-05T00:00:00
5612292;580481;Králíky;;;;;72559;Králíky;625931;Nádražní;è.p.;486;;;56169;576943.60;1063835.26;2022-02-28T00:00:00
5612306;580481;Králíky;;;;;72559;Králíky;625931;Nádražní;è.p.;487;;;56169;576940.06;1063860.94;2013-12-05T00:00:00
5612314;580481;Králíky;;;;;72559;Králíky;625931;Nádražní;è.p.;488;;;56169;576940.04;1063893.61;2013-12-05T00:00:00
5612322;580481;Králíky;;;;;72559;Králíky;625931;Nádražní;è.p.;489;;;56169;576959.51;1063959.46;2013-12-05T00:00:00
5612331;580481;Králíky;;;;;72559;Králíky;625591;5. kvìtna;è.p.;491;;;56169;576925.71;1063678.62;2013-12-05T00:00:00
5612349;580481;Králíky;;;;;72559;Králíky;625787;Karla Èapka;è.p.;492;;;56169;576402.81;1064029.22;2013-12-05T00:00:00
5612357;580481;Králíky;;;;;72559;Králíky;625922;Orlická;è.p.;493;;;56169;576451.20;1064020.88;2013-12-05T00:00:00
5612365;580481;Králíky;;;;;72559;Králíky;625787;Karla Èapka;è.p.;494;;;56169;576406.94;1064049.33;2013-12-05T00:00:00
5612373;580481;Králíky;;;;;72559;Králíky;625922;Orlická;è.p.;495;;;56169;576452.49;1064041.22;2013-12-05T00:00:00
5612381;580481;Králíky;;;;;72559;Králíky;625779;K Parku;è.p.;496;;;56169;576415.91;1064090.57;2013-12-05T00:00:00
5612390;580481;Králíky;;;;;72559;Králíky;625922;Orlická;è.p.;497;;;56169;576442.77;1064079.21;2013-12-05T00:00:00
5612403;580481;Králíky;;;;;72559;Králíky;625922;Orlická;è.p.;498;;;56169;576461.12;1064118.75;2013-12-05T00:00:00
5612411;580481;Králíky;;;;;72559;Králíky;625922;Orlická;è.p.;499;;;56169;576462.85;1064137.32;2013-12-05T00:00:00
5612420;580481;Králíky;;;;;72559;Králíky;625922;Orlická;è.p.;500;;;56169;576468.32;1064287.69;2013-12-05T00:00:00
5612438;580481;Králíky;;;;;72559;Králíky;625787;Karla Èapka;è.p.;501;;;56169;576418.82;1064121.33;2013-12-05T00:00:00
5612446;580481;Králíky;;;;;72559;Králíky;625787;Karla Èapka;è.p.;502;;;56169;576416.51;1064130.83;2013-12-05T00:00:00
5612454;580481;Králíky;;;;;72559;Králíky;625787;Karla Èapka;è.p.;503;;;56169;576415.34;1064143.20;2013-12-05T00:00:00
5612462;580481;Králíky;;;;;72559;Králíky;625787;Karla Èapka;è.p.;504;;;56169;576414.81;1064151.30;2013-12-05T00:00:00
5612471;580481;Králíky;;;;;72559;Králíky;625787;Karla Èapka;è.p.;505;;;56169;576413.66;1064165.15;2013-12-05T00:00:00
5612489;580481;Králíky;;;;;72559;Králíky;625787;Karla Èapka;è.p.;506;;;56169;576413.00;1064173.23;2013-12-05T00:00:00
5612497;580481;Králíky;;;;;72559;Králíky;625787;Karla Èapka;è.p.;507;;;56169;576410.29;1064187.34;2013-12-05T00:00:00
5612501;580481;Králíky;;;;;72559;Králíky;625787;Karla Èapka;è.p.;508;;;56169;576409.67;1064201.44;2013-12-05T00:00:00
5612519;580481;Králíky;;;;;72559;Králíky;625787;Karla Èapka;è.p.;509;;;56169;576410.57;1064222.15;2013-12-05T00:00:00
5612527;580481;Králíky;;;;;72559;Králíky;625663;Dolní;è.p.;511;;;56169;577284.75;1063571.82;2013-12-05T00:00:00
5612535;580481;Králíky;;;;;72559;Králíky;625663;Dolní;è.p.;512;;;56169;577257.91;1063570.79;2013-12-05T00:00:00
5612543;580481;Králíky;;;;;72559;Králíky;625663;Dolní;è.p.;513;;;56169;577218.03;1063548.69;2013-12-05T00:00:00
5612551;580481;Králíky;;;;;72559;Králíky;625663;Dolní;è.p.;514;;;56169;577189.19;1063563.63;2013-12-05T00:00:00
5612560;580481;Králíky;;;;;72559;Králíky;625663;Dolní;è.p.;515;;;56169;577051.54;1063524.04;2013-12-05T00:00:00
5612578;580481;Králíky;;;;;72559;Králíky;625663;Dolní;è.p.;516;;;56169;576969.92;1063529.30;2013-12-05T00:00:00
5612586;580481;Králíky;;;;;72559;Králíky;625892;Na Skøivánku;è.p.;517;;;56169;576909.23;1063350.74;2014-01-24T00:00:00
5612594;580481;Králíky;;;;;72559;Králíky;625591;5. kvìtna;è.p.;518;;;56169;577508.28;1063679.84;2013-12-05T00:00:00
5612608;580481;Králíky;;;;;72559;Králíky;625591;5. kvìtna;è.p.;519;;;56169;577502.40;1063686.91;2013-12-05T00:00:00
5612616;580481;Králíky;;;;;72559;Králíky;625591;5. kvìtna;è.p.;520;;;56169;577426.71;1063667.96;2013-12-05T00:00:00
5612624;580481;Králíky;;;;;72559;Králíky;625795;Kosmonautù;è.p.;521;;;56169;577498.12;1063718.52;2013-12-05T00:00:00
5612632;580481;Králíky;;;;;72559;Králíky;625795;Kosmonautù;è.p.;522;;;56169;577515.27;1063727.27;2013-12-05T00:00:00
5612641;580481;Králíky;;;;;72559;Králíky;625591;5. kvìtna;è.p.;523;;;56169;577479.89;1063716.00;2013-12-05T00:00:00
5612659;580481;Králíky;;;;;72559;Králíky;625591;5. kvìtna;è.p.;524;;;56169;577472.18;1063714.57;2013-12-05T00:00:00
5612667;580481;Králíky;;;;;72559;Králíky;625850;Berlínská;è.p.;525;;;56169;577445.20;1063328.03;2013-12-05T00:00:00
5612675;580481;Králíky;;;;;72559;Králíky;625850;Berlínská;è.p.;526;;;56169;577467.48;1063324.10;2013-12-05T00:00:00
5612683;580481;Králíky;;;;;72559;Králíky;625710;Høbitovní;è.p.;530;;;56169;577572.96;1063818.45;2013-12-05T00:00:00
5612691;580481;Králíky;;;;;72559;Králíky;625922;Orlická;è.p.;531;;;56169;576463.79;1064156.25;2013-12-05T00:00:00
5612705;580481;Králíky;;;;;72559;Králíky;625922;Orlická;è.p.;532;;;56169;576463.68;1064174.18;2013-12-05T00:00:00
5612713;580481;Králíky;;;;;72559;Králíky;625922;Orlická;è.p.;533;;;56169;576466.40;1064196.55;2013-12-05T00:00:00
5612721;580481;Králíky;;;;;72559;Králíky;625922;Orlická;è.p.;534;;;56169;576467.72;1064219.92;2013-12-05T00:00:00
5612730;580481;Králíky;;;;;72559;Králíky;625817;Lidická;è.p.;535;;;56169;576434.25;1064221.84;2013-12-05T00:00:00
5612748;580481;Králíky;;;;;72559;Králíky;626066;Sportovní;è.p.;536;;;56169;576440.61;1064359.95;2013-12-05T00:00:00
5612756;580481;Králíky;;;;;72559;Králíky;626066;Sportovní;è.p.;537;;;56169;576461.07;1064355.75;2013-12-05T00:00:00
5612764;580481;Králíky;;;;;72559;Králíky;625922;Orlická;è.p.;538;;;56169;576468.51;1064249.91;2013-12-05T00:00:00
5612772;580481;Králíky;;;;;72559;Králíky;625817;Lidická;è.p.;539;;;56169;576436.34;1064249.47;2013-12-05T00:00:00
5612781;580481;Králíky;;;;;72559;Králíky;625817;Lidická;è.p.;540;;;56169;576412.17;1064250.23;2013-12-05T00:00:00
5612799;580481;Králíky;;;;;72559;Králíky;625787;Karla Èapka;è.p.;541;;;56169;576413.80;1064273.12;2013-12-05T00:00:00
5612802;580481;Králíky;;;;;72559;Králíky;625787;Karla Èapka;è.p.;542;;;56169;576416.73;1064290.88;2013-12-05T00:00:00
5612811;580481;Králíky;;;;;72559;Králíky;625787;Karla Èapka;è.p.;543;;;56169;576416.06;1064306.37;2013-12-05T00:00:00
5612829;580481;Králíky;;;;;72559;Králíky;626066;Sportovní;è.p.;544;;;56169;576416.03;1064334.10;2013-12-05T00:00:00
5612837;580481;Králíky;;;;;72559;Králíky;626066;Sportovní;è.p.;545;;;56169;576437.62;1064331.76;2013-12-05T00:00:00
5612845;580481;Králíky;;;;;72559;Králíky;625922;Orlická;è.p.;546;;;56169;576473.37;1064328.57;2013-12-05T00:00:00
5612853;580481;Králíky;;;;;72559;Králíky;625981;Polní;è.p.;547;;;56169;576131.01;1063834.21;2014-01-24T00:00:00
5612861;580481;Králíky;;;;;72559;Králíky;625639;Èervenovodská;è.p.;548;;;56169;576576.13;1063943.50;2014-01-24T00:00:00
5612870;580481;Králíky;;;;;72559;Králíky;625876;Na Pískách;è.p.;549;;;56169;576727.13;1063436.27;2014-01-24T00:00:00
5612888;580481;Králíky;;;;;72559;Králíky;625787;Karla Èapka;è.p.;550;;;56169;576394.76;1064499.34;2013-12-05T00:00:00
5612896;580481;Králíky;;;;;72559;Králíky;626104;V Aleji;è.p.;551;;;56169;576142.38;1064081.45;2013-12-05T00:00:00
5612900;580481;Králíky;;;;;72559;Králíky;626104;V Aleji;è.p.;552;;;56169;576167.60;1064056.25;2013-12-05T00:00:00
5612918;580481;Králíky;;;;;72559;Králíky;626104;V Aleji;è.p.;553;;;56169;576190.47;1064038.26;2013-12-05T00:00:00
5612926;580481;Králíky;;;;;72559;Králíky;625604;Aloise Jiráska;è.p.;554;;;56169;576198.52;1064065.93;2013-12-05T00:00:00
5612934;580481;Králíky;;;;;72559;Králíky;625604;Aloise Jiráska;è.p.;555;;;56169;576199.86;1064087.33;2013-12-05T00:00:00
5612942;580481;Králíky;;;;;72559;Králíky;625604;Aloise Jiráska;è.p.;556;;;56169;576204.77;1064112.33;2013-12-05T00:00:00
5612951;580481;Králíky;;;;;72559;Králíky;625604;Aloise Jiráska;è.p.;557;;;56169;576199.32;1064135.76;2013-12-05T00:00:00
5612969;580481;Králíky;;;;;72559;Králíky;625621;Bedøicha Smetany;è.p.;558;;;56169;576180.22;1064118.72;2013-12-05T00:00:00
5612977;580481;Králíky;;;;;72559;Králíky;625621;Bedøicha Smetany;è.p.;559;;;56169;576159.29;1064105.18;2022-10-17T00:00:00
5612985;580481;Králíky;;;;;72559;Králíky;625621;Bedøicha Smetany;è.p.;561;;;56169;576122.84;1064100.32;2013-12-05T00:00:00
5612993;580481;Králíky;;;;;72559;Králíky;625621;Bedøicha Smetany;è.p.;562;;;56169;576137.98;1064118.62;2013-12-05T00:00:00
5613001;580481;Králíky;;;;;72559;Králíky;625621;Bedøicha Smetany;è.p.;563;;;56169;576147.26;1064133.99;2013-12-05T00:00:00
5613019;580481;Králíky;;;;;72559;Králíky;625621;Bedøicha Smetany;è.p.;564;;;56169;576165.92;1064157.14;2013-12-05T00:00:00
5613027;580481;Králíky;;;;;72559;Králíky;625621;Bedøicha Smetany;è.p.;565;;;56169;576188.89;1064177.52;2013-12-05T00:00:00
5613035;580481;Králíky;;;;;72559;Králíky;625621;Bedøicha Smetany;è.p.;566;;;56169;576203.10;1064195.10;2021-03-26T00:00:00
5613043;580481;Králíky;;;;;72559;Králíky;625965;Plynárenská;è.p.;567;;;56169;577132.76;1063906.71;2013-12-05T00:00:00
5613051;580481;Králíky;;;;;72559;Králíky;625965;Plynárenská;è.p.;568;;;56169;577083.72;1063822.12;2013-12-05T00:00:00
5613060;580481;Králíky;;;;;72559;Králíky;625965;Plynárenská;è.p.;569;;;56169;577088.67;1063844.79;2013-12-05T00:00:00
5613078;580481;Králíky;;;;;72559;Králíky;625965;Plynárenská;è.p.;570;;;56169;577059.62;1063791.36;2013-12-05T00:00:00
5613086;580481;Králíky;;;;;72559;Králíky;625591;5. kvìtna;è.p.;571;;;56169;577391.51;1063676.73;2013-12-05T00:00:00
5613094;580481;Králíky;;;;;72559;Králíky;625591;5. kvìtna;è.p.;572;;;56169;577362.62;1063668.14;2013-12-05T00:00:00
5613108;580481;Králíky;;;;;72559;Králíky;625965;Plynárenská;è.p.;573;;;56169;577136.14;1063926.01;2013-12-05T00:00:00
5613116;580481;Králíky;;;;;72559;Králíky;625973;Pod dìtským domovem;è.p.;574;;;56169;577155.61;1063917.53;2013-12-05T00:00:00
5613132;580481;Králíky;;;;;72559;Králíky;625973;Pod dìtským domovem;è.p.;576;;;56169;577248.15;1063879.62;2013-12-05T00:00:00
5613141;580481;Králíky;;;;;72559;Králíky;625591;5. kvìtna;è.p.;577;;;56169;577225.58;1063651.26;2013-12-05T00:00:00
5613159;580481;Králíky;;;;;72559;Králíky;625671;Františka Palackého;è.p.;581;;;56169;576303.18;1064142.86;2013-12-05T00:00:00
5613167;580481;Králíky;;;;;72559;Králíky;625671;Františka Palackého;è.p.;583;;;56169;576315.17;1064169.10;2013-12-05T00:00:00
5613175;580481;Králíky;;;;;72559;Králíky;625671;Františka Palackého;è.p.;584;;;56169;576315.53;1064201.78;2013-12-05T00:00:00
5613183;580481;Králíky;;;;;72559;Králíky;625949;Nové domovy;è.p.;591;;;56169;576288.34;1064264.22;2013-12-05T00:00:00
5613191;580481;Králíky;;;;;72559;Králíky;625949;Nové domovy;è.p.;592;;;56169;576275.36;1064287.53;2013-12-05T00:00:00
5613205;580481;Králíky;;;;;72559;Králíky;625949;Nové domovy;è.p.;593;;;56169;576256.13;1064296.89;2013-12-05T00:00:00
5613213;580481;Králíky;;;;;72559;Králíky;625949;Nové domovy;è.p.;594;;;56169;576248.34;1064276.53;2013-12-05T00:00:00
5613221;580481;Králíky;;;;;72559;Králíky;625949;Nové domovy;è.p.;595;;;56169;576253.62;1064252.89;2013-12-05T00:00:00
5613230;580481;Králíky;;;;;72559;Králíky;625604;Aloise Jiráska;è.p.;598;;;56169;576242.35;1064173.33;2013-12-05T00:00:00
5613248;580481;Králíky;;;;;72559;Králíky;625604;Aloise Jiráska;è.p.;599;;;56169;576239.40;1064155.29;2013-12-05T00:00:00
5613256;580481;Králíky;;;;;72559;Králíky;625736;Jana Nerudy;è.p.;600;;;56169;576185.71;1063921.10;2013-12-05T00:00:00
5613264;580481;Králíky;;;;;72559;Králíky;625736;Jana Nerudy;è.p.;601;;;56169;576176.15;1063922.78;2013-12-05T00:00:00
5613272;580481;Králíky;;;;;72559;Králíky;625736;Jana Nerudy;è.p.;602;;;56169;576169.00;1063924.26;2013-12-05T00:00:00
5613281;580481;Králíky;;;;;72559;Králíky;625736;Jana Nerudy;è.p.;603;;;56169;576160.96;1063925.85;2013-12-05T00:00:00
5613299;580481;Králíky;;;;;72559;Králíky;625736;Jana Nerudy;è.p.;604;;;56169;576152.16;1063927.56;2013-12-05T00:00:00
5613302;580481;Králíky;;;;;72559;Králíky;625736;Jana Nerudy;è.p.;605;;;56169;576143.43;1063929.24;2013-12-05T00:00:00
5613311;580481;Králíky;;;;;72559;Králíky;625736;Jana Nerudy;è.p.;606;;;56169;576134.84;1063931.99;2013-12-05T00:00:00
5613329;580481;Králíky;;;;;72559;Králíky;625736;Jana Nerudy;è.p.;607;;;56169;576119.44;1063936.21;2013-12-05T00:00:00
5613337;580481;Králíky;;;;;72559;Králíky;625736;Jana Nerudy;è.p.;608;;;56169;576096.93;1063939.60;2013-12-05T00:00:00
5613345;580481;Králíky;;;;;72559;Králíky;625736;Jana Nerudy;è.p.;609;;;56169;576215.16;1063930.57;2018-03-29T00:00:00
5613353;580481;Králíky;;;;;72559;Králíky;625736;Jana Nerudy;è.p.;610;;;56169;576223.02;1063909.08;2013-12-05T00:00:00
5613361;580481;Králíky;;;;;72559;Králíky;626104;V Aleji;è.p.;612;;;56169;576173.40;1063999.47;2013-12-05T00:00:00
5613370;580481;Králíky;;;;;72559;Králíky;626104;V Aleji;è.p.;613;;;56169;576148.75;1064019.31;2013-12-05T00:00:00
5613388;580481;Králíky;;;;;72559;Králíky;625736;Jana Nerudy;è.p.;614;;;56169;576135.34;1063958.15;2013-12-05T00:00:00
5613396;580481;Králíky;;;;;72559;Králíky;625736;Jana Nerudy;è.p.;615;;;56169;576142.42;1063954.76;2013-12-05T00:00:00
5613400;580481;Králíky;;;;;72559;Králíky;625736;Jana Nerudy;è.p.;616;;;56169;576149.91;1063953.04;2013-12-05T00:00:00
5613418;580481;Králíky;;;;;72559;Králíky;625736;Jana Nerudy;è.p.;617;;;56169;576157.28;1063951.35;2013-12-05T00:00:00
5613426;580481;Králíky;;;;;72559;Králíky;625736;Jana Nerudy;è.p.;618;;;56169;576164.66;1063949.70;2013-12-05T00:00:00
5613434;580481;Králíky;;;;;72559;Králíky;625736;Jana Nerudy;è.p.;619;;;56169;576172.16;1063948.00;2013-12-05T00:00:00
5613442;580481;Králíky;;;;;72559;Králíky;625787;Karla Èapka;è.p.;621;;;56169;576340.41;1063982.60;2013-12-05T00:00:00
5613451;580481;Králíky;;;;;72559;Králíky;625671;Františka Palackého;è.p.;622;;;56169;576297.62;1063988.34;2013-12-05T00:00:00
5613469;580481;Králíky;;;;;72559;Králíky;625736;Jana Nerudy;è.p.;623;;;56169;576110.97;1063962.37;2013-12-05T00:00:00
5613477;580481;Králíky;;;;;72559;Králíky;625736;Jana Nerudy;è.p.;624;;;56169;576104.68;1063965.30;2013-12-05T00:00:00
5613485;580481;Králíky;;;;;72559;Králíky;625787;Karla Èapka;è.p.;625;;;56169;576379.44;1064242.13;2013-12-05T00:00:00
5613493;580481;Králíky;;;;;72559;Králíky;625604;Aloise Jiráska;è.p.;626;;;56169;576220.23;1064224.76;2013-12-05T00:00:00
5613507;580481;Králíky;;;;;72559;Králíky;625604;Aloise Jiráska;è.p.;627;;;56169;576221.28;1064258.21;2013-12-05T00:00:00
5613515;580481;Králíky;;;;;72559;Králíky;625604;Aloise Jiráska;è.p.;628;;;56169;576217.27;1064285.85;2013-12-05T00:00:00
5613523;580481;Králíky;;;;;72559;Králíky;625604;Aloise Jiráska;è.p.;629;;;56169;576208.66;1064309.43;2013-12-05T00:00:00
5613531;580481;Králíky;;;;;72559;Králíky;625604;Aloise Jiráska;è.p.;630;;;56169;576197.72;1064332.63;2013-12-05T00:00:00
5613540;580481;Králíky;;;;;72559;Králíky;626163;Ztracená;è.p.;631;;;56169;576641.04;1063422.08;2019-06-26T00:00:00
5613558;580481;Králíky;;;;;72559;Králíky;626058;Slunná stráò;è.p.;632;;;56169;576658.45;1063410.91;2015-03-06T00:00:00
5613566;580481;Králíky;;;;;72559;Králíky;625701;Hradecká;è.p.;633;;;56169;577740.43;1063471.87;2013-12-05T00:00:00
5613574;580481;Králíky;;;;;72559;Králíky;625701;Hradecká;è.p.;634;;;56169;577741.47;1063440.95;2013-12-05T00:00:00
5613582;580481;Králíky;;;;;72559;Králíky;625701;Hradecká;è.p.;635;;;56169;577678.61;1063379.31;2013-12-05T00:00:00
5613604;580481;Králíky;;;;;72559;Králíky;625701;Hradecká;è.p.;637;;;56169;577857.36;1063378.90;2013-12-05T00:00:00
5613612;580481;Králíky;;;;;72559;Králíky;625710;Høbitovní;è.p.;638;;;56169;577676.35;1063827.29;2013-12-05T00:00:00
5613621;580481;Králíky;;;;;72559;Králíky;625710;Høbitovní;è.p.;639;;;56169;577655.12;1063830.73;2013-12-05T00:00:00
5613639;580481;Králíky;;;;;72559;Králíky;626031;Rùžová;è.p.;645;;;56169;576455.62;1063910.17;2014-01-24T00:00:00
5613647;580481;Králíky;;;;;72559;Králíky;625591;5. kvìtna;è.p.;646;;;56169;577057.09;1063637.24;2013-12-05T00:00:00
5613655;580481;Králíky;;;;;72559;Králíky;625957;Moravská;è.p.;647;;;56169;576796.86;1063792.98;2013-12-05T00:00:00
5613663;580481;Králíky;;;;;72559;Králíky;626031;Rùžová;è.p.;648;;;56169;576509.84;1063930.57;2014-01-24T00:00:00
5613671;580481;Králíky;;;;;72559;Králíky;626082;Tovární;è.p.;649;;;56169;577185.99;1063523.41;2013-12-05T00:00:00
5613680;580481;Králíky;;;;;72559;Králíky;625876;Na Pískách;è.p.;650;;;56169;576763.03;1063431.88;2014-01-24T00:00:00
5613698;580481;Králíky;;;;;72559;Králíky;625957;Moravská;è.p.;651;;;56169;576835.07;1063752.70;2013-12-05T00:00:00
5613701;580481;Králíky;;;;;72559;Králíky;625701;Hradecká;è.p.;652;;;56169;577692.68;1063483.87;2013-12-05T00:00:00
5613710;580481;Králíky;;;;;72559;Králíky;625710;Høbitovní;è.p.;654;;;56169;577725.78;1063829.76;2013-12-05T00:00:00
5613728;580481;Králíky;;;;;72559;Králíky;626074;Tkalcovská;è.p.;655;;;56169;577493.50;1063354.67;2013-12-05T00:00:00
5613736;580481;Králíky;;;;;72559;Králíky;626074;Tkalcovská;è.p.;656;;;56169;577487.79;1063309.06;2013-12-05T00:00:00
5613744;580481;Králíky;;;;;72559;Králíky;625868;Na Køižovatce;è.p.;657;;;56169;577495.85;1063389.11;2013-12-05T00:00:00
5613752;580481;Králíky;;;;;72559;Králíky;626112;V Bytovkách;è.p.;658;;;56169;576543.50;1063864.03;2014-01-29T00:00:00
5613761;580481;Králíky;;;;;72559;Králíky;626112;V Bytovkách;è.p.;659;;;56169;576593.95;1063853.02;2014-01-29T00:00:00
5613779;580481;Králíky;;;;;72559;Králíky;626112;V Bytovkách;è.p.;660;;;56169;576625.65;1063809.28;2014-01-29T00:00:00
5613787;580481;Králíky;;;;;72559;Králíky;626112;V Bytovkách;è.p.;661;;;56169;576677.32;1063792.89;2014-01-29T00:00:00
5613795;580481;Králíky;;;;;72559;Králíky;626112;V Bytovkách;è.p.;662;;;56169;576702.02;1063744.87;2014-01-29T00:00:00
5613809;580481;Králíky;;;;;72559;Králíky;626112;V Bytovkách;è.p.;663;;;56169;576752.08;1063727.19;2014-01-29T00:00:00
5613817;580481;Králíky;;;;;72559;Králíky;626112;V Bytovkách;è.p.;664;;;56169;576767.76;1063689.68;2014-01-29T00:00:00
5613825;580481;Králíky;;;;;72559;Králíky;626171;Na Mokøinách;è.p.;665;;;56169;577306.87;1063336.99;2013-12-05T00:00:00
5613833;580481;Králíky;;;;;72559;Králíky;626171;Na Mokøinách;è.p.;666;;;56169;577306.15;1063344.51;2013-12-05T00:00:00
5613841;580481;Králíky;;;;;72559;Králíky;626171;Na Mokøinách;è.p.;667;;;56169;577307.37;1063351.60;2013-12-05T00:00:00
5613850;580481;Králíky;;;;;72559;Králíky;626171;Na Mokøinách;è.p.;668;;;56169;577310.02;1063360.55;2013-12-05T00:00:00
5613868;580481;Králíky;;;;;72559;Králíky;626171;Na Mokøinách;è.p.;669;;;56169;577310.38;1063367.35;2013-12-05T00:00:00
5613876;580481;Králíky;;;;;72559;Králíky;626082;Tovární;è.p.;670;;;56169;577122.41;1063519.71;2013-12-05T00:00:00
5613884;580481;Králíky;;;;;72559;Králíky;626139;Za Pilou;è.p.;671;;;56169;576076.99;1063728.37;2014-01-29T00:00:00
5613892;580481;Králíky;;;;;72559;Králíky;626139;Za Pilou;è.p.;672;;;56169;576069.22;1063729.77;2014-01-29T00:00:00
5613906;580481;Králíky;;;;;72559;Králíky;626139;Za Pilou;è.p.;673;;;56169;576061.57;1063731.15;2014-01-29T00:00:00
5613914;580481;Králíky;;;;;72559;Králíky;626139;Za Pilou;è.p.;674;;;56169;576053.90;1063732.61;2014-01-29T00:00:00
5613922;580481;Králíky;;;;;72559;Králíky;626066;Sportovní;è.p.;675;;;56169;576419.70;1064362.62;2013-12-05T00:00:00
5613931;580481;Králíky;;;;;72559;Králíky;625922;Orlická;è.p.;676;;;56169;576500.79;1064323.82;2013-12-05T00:00:00
5613949;580481;Králíky;;;;;72559;Králíky;625922;Orlická;è.p.;677;;;56169;576498.89;1064301.22;2013-12-05T00:00:00
5613957;580481;Králíky;;;;;72559;Králíky;625922;Orlická;è.p.;678;;;56169;576494.26;1064280.06;2019-11-11T00:00:00
5613965;580481;Králíky;;;;;72559;Králíky;625922;Orlická;è.p.;679;;;56169;576500.68;1064261.01;2013-12-05T00:00:00
5613973;580481;Králíky;;;;;72559;Králíky;625922;Orlická;è.p.;680;;;56169;576496.68;1064239.68;2013-12-05T00:00:00
5613981;580481;Králíky;;;;;72559;Králíky;625922;Orlická;è.p.;681;;;56169;576495.63;1064218.65;2013-12-05T00:00:00
5613990;580481;Králíky;;;;;72559;Králíky;625922;Orlická;è.p.;682;;;56169;576494.90;1064197.85;2013-12-05T00:00:00
5614007;580481;Králíky;;;;;72559;Králíky;625922;Orlická;è.p.;683;;;56169;576494.06;1064175.56;2013-12-05T00:00:00
5614015;580481;Králíky;;;;;72559;Králíky;625922;Orlická;è.p.;684;;;56169;576492.96;1064154.60;2013-12-05T00:00:00
5614023;580481;Králíky;;;;;72559;Králíky;625922;Orlická;è.p.;685;;;56169;576491.20;1064133.51;2013-12-05T00:00:00
5614031;580481;Králíky;;;;;72559;Králíky;625922;Orlická;è.p.;686;;;56169;576494.09;1064114.76;2013-12-05T00:00:00
5614040;580481;Králíky;;;;;72559;Králíky;625922;Orlická;è.p.;687;;;56169;576490.44;1064093.15;2013-12-05T00:00:00
5614058;580481;Králíky;;;;;72559;Králíky;625922;Orlická;è.p.;688;;;56169;576485.34;1064072.04;2013-12-05T00:00:00
5614066;580481;Králíky;;;;;72559;Králíky;625922;Orlická;è.p.;689;;;56169;576484.23;1064051.50;2013-12-05T00:00:00
5614074;580481;Králíky;;;;;72559;Králíky;625752;Jana Švermy;è.p.;690;;;56169;576484.44;1064029.61;2013-12-05T00:00:00
5614082;580481;Králíky;;;;;72559;Králíky;625922;Orlická;è.p.;691;;;56169;576476.33;1064002.80;2013-12-05T00:00:00
5614091;580481;Králíky;;;;;72559;Králíky;625922;Orlická;è.p.;692;;;56169;576473.66;1063980.10;2013-12-05T00:00:00
5614104;580481;Králíky;;;;;72559;Králíky;626031;Rùžová;è.p.;693;;;56169;576483.95;1063952.55;2014-01-24T00:00:00
5614112;580481;Králíky;;;;;72559;Králíky;625752;Jana Švermy;è.p.;694;;;56169;576514.21;1064001.10;2013-12-05T00:00:00
5614121;580481;Králíky;;;;;72559;Králíky;625639;Èervenovodská;è.p.;695;;;56169;576521.73;1063971.03;2014-01-24T00:00:00
5614139;580481;Králíky;;;;;72559;Králíky;625752;Jana Švermy;è.p.;696;;;56169;576546.48;1064007.04;2013-12-05T00:00:00
5614147;580481;Králíky;;;;;72559;Králíky;625752;Jana Švermy;è.p.;697;;;56169;576551.56;1064008.50;2013-12-05T00:00:00
5614155;580481;Králíky;;;;;72559;Králíky;625752;Jana Švermy;è.p.;698;;;56169;576556.49;1064010.12;2013-12-05T00:00:00
5614163;580481;Králíky;;;;;72559;Králíky;625752;Jana Švermy;è.p.;699;;;56169;576561.33;1064011.70;2013-12-05T00:00:00
5614171;580481;Králíky;;;;;72559;Králíky;625752;Jana Švermy;è.p.;700;;;56169;576566.19;1064013.11;2013-12-05T00:00:00
5614180;580481;Králíky;;;;;72559;Králíky;625752;Jana Švermy;è.p.;701;;;56169;576571.20;1064014.56;2013-12-05T00:00:00
5614198;580481;Králíky;;;;;72559;Králíky;626121;Vladislava Vanèury;è.p.;702;;;56169;576613.05;1064017.78;2013-12-05T00:00:00
5614201;580481;Králíky;;;;;72559;Králíky;626121;Vladislava Vanèury;è.p.;703;;;56169;576611.54;1064022.86;2013-12-05T00:00:00
5614210;580481;Králíky;;;;;72559;Králíky;626121;Vladislava Vanèury;è.p.;704;;;56169;576609.92;1064027.60;2013-12-05T00:00:00
5614228;580481;Králíky;;;;;72559;Králíky;626121;Vladislava Vanèury;è.p.;705;;;56169;576608.42;1064032.49;2013-12-05T00:00:00
5614236;580481;Králíky;;;;;72559;Králíky;626121;Vladislava Vanèury;è.p.;706;;;56169;576606.73;1064037.30;2013-12-05T00:00:00
5614244;580481;Králíky;;;;;72559;Králíky;626121;Vladislava Vanèury;è.p.;707;;;56169;576605.05;1064042.26;2013-12-05T00:00:00
5614252;580481;Králíky;;;;;72559;Králíky;626121;Vladislava Vanèury;è.p.;708;;;56169;576596.64;1064060.86;2013-12-05T00:00:00
5614261;580481;Králíky;;;;;72559;Králíky;626121;Vladislava Vanèury;è.p.;709;;;56169;576593.95;1064069.08;2013-12-05T00:00:00
5614279;580481;Králíky;;;;;72559;Králíky;626121;Vladislava Vanèury;è.p.;710;;;56169;576591.33;1064077.18;2013-12-05T00:00:00
5614287;580481;Králíky;;;;;72559;Králíky;626121;Vladislava Vanèury;è.p.;711;;;56169;576588.78;1064085.31;2013-12-05T00:00:00
5614295;580481;Králíky;;;;;72559;Králíky;626121;Vladislava Vanèury;è.p.;712;;;56169;576586.06;1064093.25;2013-12-05T00:00:00
5614309;580481;Králíky;;;;;72559;Králíky;626121;Vladislava Vanèury;è.p.;713;;;56169;576583.38;1064101.78;2013-12-05T00:00:00
5614317;580481;Králíky;;;;;72559;Králíky;625752;Jana Švermy;è.p.;714;;;56169;576535.64;1064032.88;2013-12-05T00:00:00
5614325;580481;Králíky;;;;;72559;Králíky;625752;Jana Švermy;è.p.;715;;;56169;576542.49;1064034.96;2013-12-05T00:00:00
5614333;580481;Králíky;;;;;72559;Králíky;626121;Vladislava Vanèury;è.p.;716;;;56169;576567.64;1064062.42;2013-12-05T00:00:00
5614341;580481;Králíky;;;;;72559;Králíky;626121;Vladislava Vanèury;è.p.;717;;;56169;576571.07;1064053.54;2013-12-05T00:00:00
5614350;580481;Králíky;;;;;72559;Králíky;626121;Vladislava Vanèury;è.p.;718;;;56169;576561.55;1064086.28;2013-12-05T00:00:00
5614368;580481;Králíky;;;;;72559;Králíky;626121;Vladislava Vanèury;è.p.;719;;;56169;576558.03;1064094.14;2013-12-05T00:00:00
5614376;580481;Králíky;;;;;72559;Králíky;626121;Vladislava Vanèury;è.p.;720;;;56169;576550.75;1064116.78;2013-12-05T00:00:00
5614384;580481;Králíky;;;;;72559;Králíky;626121;Vladislava Vanèury;è.p.;721;;;56169;576548.08;1064123.76;2013-12-05T00:00:00
5614392;580481;Králíky;;;;;72559;Králíky;626121;Vladislava Vanèury;è.p.;722;;;56169;576539.39;1064152.81;2013-12-05T00:00:00
5614406;580481;Králíky;;;;;72559;Králíky;626121;Vladislava Vanèury;è.p.;723;;;56169;576538.35;1064162.32;2013-12-05T00:00:00
5614414;580481;Králíky;;;;;72559;Králíky;626121;Vladislava Vanèury;è.p.;724;;;56169;576541.83;1064186.09;2013-12-05T00:00:00
5614422;580481;Králíky;;;;;72559;Králíky;626121;Vladislava Vanèury;è.p.;725;;;56169;576540.55;1064195.12;2013-12-05T00:00:00
5614431;580481;Králíky;;;;;72559;Králíky;626121;Vladislava Vanèury;è.p.;726;;;56169;576544.70;1064224.11;2013-12-05T00:00:00
5614449;580481;Králíky;;;;;72559;Králíky;626121;Vladislava Vanèury;è.p.;727;;;56169;576543.06;1064233.64;2013-12-05T00:00:00
5614457;580481;Králíky;;;;;72559;Králíky;626121;Vladislava Vanèury;è.p.;728;;;56169;576545.08;1064259.16;2013-12-05T00:00:00
5614465;580481;Králíky;;;;;72559;Králíky;626121;Vladislava Vanèury;è.p.;729;;;56169;576548.16;1064270.05;2013-12-05T00:00:00
5614473;580481;Králíky;;;;;72559;Králíky;626121;Vladislava Vanèury;è.p.;730;;;56169;576548.42;1064274.18;2013-12-05T00:00:00
5614481;580481;Králíky;;;;;72559;Králíky;626121;Vladislava Vanèury;è.p.;731;;;56169;576549.10;1064282.80;2013-12-05T00:00:00
5614490;580481;Králíky;;;;;72559;Králíky;626121;Vladislava Vanèury;è.p.;732;;;56169;576549.53;1064290.37;2013-12-05T00:00:00
5614503;580481;Králíky;;;;;72559;Králíky;626121;Vladislava Vanèury;è.p.;733;;;56169;576549.32;1064298.19;2013-12-05T00:00:00
5614511;580481;Králíky;;;;;72559;Králíky;626121;Vladislava Vanèury;è.p.;734;;;56169;576569.13;1064207.11;2013-12-05T00:00:00
5614520;580481;Králíky;;;;;72559;Králíky;626121;Vladislava Vanèury;è.p.;735;;;56169;576570.72;1064230.96;2013-12-05T00:00:00
5614538;580481;Králíky;;;;;72559;Králíky;626121;Vladislava Vanèury;è.p.;736;;;56169;576572.80;1064251.61;2013-12-05T00:00:00
5614546;580481;Králíky;;;;;72559;Králíky;626121;Vladislava Vanèury;è.p.;737;;;56169;576578.95;1064271.87;2013-12-05T00:00:00
5614554;580481;Králíky;;;;;72559;Králíky;626066;Sportovní;è.p.;738;;;56169;576503.49;1064362.28;2013-12-05T00:00:00
5614562;580481;Králíky;;;;;72559;Králíky;626066;Sportovní;è.p.;739;;;56169;576527.60;1064351.58;2013-12-05T00:00:00
5614571;580481;Králíky;;;;;72559;Králíky;626066;Sportovní;è.p.;740;;;56169;576551.40;1064340.49;2013-12-05T00:00:00
5614589;580481;Králíky;;;;;72559;Králíky;626066;Sportovní;è.p.;741;;;56169;576569.86;1064327.23;2013-12-05T00:00:00
5614597;580481;Králíky;;;;;72559;Králíky;626066;Sportovní;è.p.;742;;;56169;576587.44;1064312.03;2013-12-05T00:00:00
5614601;580481;Králíky;;;;;72559;Králíky;626066;Sportovní;è.p.;743;;;56169;576602.79;1064295.23;2013-12-05T00:00:00
5614619;580481;Králíky;;;;;72559;Králíky;626066;Sportovní;è.p.;744;;;56169;576618.04;1064279.51;2013-12-05T00:00:00
5614627;580481;Králíky;;;;;72559;Králíky;626066;Sportovní;è.p.;745;;;56169;576636.22;1064266.24;2013-12-05T00:00:00
5614635;580481;Králíky;;;;;72559;Králíky;625787;Karla Èapka;è.p.;746;;;56169;576432.61;1064426.50;2013-12-05T00:00:00
5614643;580481;Králíky;;;;;72559;Králíky;625922;Orlická;è.p.;748;;;56169;576477.94;1064413.80;2013-12-05T00:00:00
5614651;580481;Králíky;;;;;72559;Králíky;625922;Orlická;è.p.;749;;;56169;576479.14;1064439.37;2013-12-05T00:00:00
5614660;580481;Králíky;;;;;72559;Králíky;625922;Orlická;è.p.;750;;;56169;576505.91;1064402.29;2013-12-05T00:00:00
5614678;580481;Králíky;;;;;72559;Králíky;625736;Jana Nerudy;è.p.;751;;;56169;576074.89;1063940.92;2013-12-05T00:00:00
5614686;580481;Králíky;;;;;72559;Králíky;625736;Jana Nerudy;è.p.;752;;;56169;576054.89;1063943.35;2013-12-05T00:00:00
5614694;580481;Králíky;;;;;72559;Králíky;625736;Jana Nerudy;è.p.;753;;;56169;576032.87;1063945.00;2013-12-05T00:00:00
5614708;580481;Králíky;;;;;72559;Králíky;625736;Jana Nerudy;è.p.;754;;;56169;576007.39;1063948.63;2019-08-19T00:00:00
5614716;580481;Králíky;;;;;72559;Králíky;625736;Jana Nerudy;è.p.;755;;;56169;575993.25;1063944.32;2013-12-05T00:00:00
5614724;580481;Králíky;;;;;72559;Králíky;625736;Jana Nerudy;è.p.;756;;;56169;575971.36;1063942.14;2013-12-05T00:00:00
5614732;580481;Králíky;;;;;72559;Králíky;625736;Jana Nerudy;è.p.;757;;;56169;575948.40;1063936.15;2013-12-05T00:00:00
5614741;580481;Králíky;;;;;72559;Králíky;625736;Jana Nerudy;è.p.;758;;;56169;575923.24;1063924.67;2013-12-05T00:00:00
5614759;580481;Králíky;;;;;72559;Králíky;625736;Jana Nerudy;è.p.;760;;;56169;575910.53;1063875.16;2013-12-05T00:00:00
5614767;580481;Králíky;;;;;72559;Králíky;625736;Jana Nerudy;è.p.;761;;;56169;575946.29;1063865.64;2013-12-05T00:00:00
5614775;580481;Králíky;;;;;72559;Králíky;625736;Jana Nerudy;è.p.;762;;;56169;575965.41;1063864.76;2013-12-05T00:00:00
5614783;580481;Králíky;;;;;72559;Králíky;625736;Jana Nerudy;è.p.;763;;;56169;575866.54;1063881.72;2013-12-05T00:00:00
5614791;580481;Králíky;;;;;72559;Králíky;625736;Jana Nerudy;è.p.;764;;;56169;575883.62;1063934.12;2013-12-05T00:00:00
5614805;580481;Králíky;;;;;72559;Králíky;625736;Jana Nerudy;è.p.;765;;;56169;575872.74;1063916.93;2013-12-05T00:00:00
5614813;580481;Králíky;;;;;72559;Králíky;625736;Jana Nerudy;è.p.;766;;;56169;575907.28;1063951.09;2013-12-05T00:00:00
5614821;580481;Králíky;;;;;72559;Králíky;625736;Jana Nerudy;è.p.;767;;;56169;575929.67;1063963.12;2013-12-05T00:00:00
5614830;580481;Králíky;;;;;72559;Králíky;625736;Jana Nerudy;è.p.;768;;;56169;575953.19;1063971.36;2013-12-05T00:00:00
5614848;580481;Králíky;;;;;72559;Králíky;625612;Antonína Dvoøáka;è.p.;769;;;56169;575963.69;1063994.48;2013-12-05T00:00:00
5614856;580481;Králíky;;;;;72559;Králíky;625612;Antonína Dvoøáka;è.p.;770;;;56169;575965.40;1064001.62;2013-12-05T00:00:00
5614864;580481;Králíky;;;;;72559;Králíky;625612;Antonína Dvoøáka;è.p.;771;;;56169;575967.11;1064009.29;2013-12-05T00:00:00
5614872;580481;Králíky;;;;;72559;Králíky;625612;Antonína Dvoøáka;è.p.;772;;;56169;575969.12;1064016.29;2013-12-05T00:00:00
5614881;580481;Králíky;;;;;72559;Králíky;625612;Antonína Dvoøáka;è.p.;773;;;56169;575977.06;1064037.23;2013-12-05T00:00:00
5614899;580481;Králíky;;;;;72559;Králíky;625612;Antonína Dvoøáka;è.p.;774;;;56169;575987.92;1064057.74;2013-12-05T00:00:00
5614902;580481;Králíky;;;;;72559;Králíky;625612;Antonína Dvoøáka;è.p.;775;;;56169;575994.94;1064078.70;2013-12-05T00:00:00
5614911;580481;Králíky;;;;;72559;Králíky;625612;Antonína Dvoøáka;è.p.;776;;;56169;576010.41;1064103.54;2013-12-05T00:00:00
5614929;580481;Králíky;;;;;72559;Králíky;625612;Antonína Dvoøáka;è.p.;777;;;56169;576025.25;1064121.87;2013-12-05T00:00:00
5614937;580481;Králíky;;;;;72559;Králíky;626104;V Aleji;è.p.;778;;;56169;576051.71;1064102.75;2013-12-05T00:00:00
5614945;580481;Králíky;;;;;72559;Králíky;625612;Antonína Dvoøáka;è.p.;779;;;56169;576038.41;1064084.16;2013-12-05T00:00:00
5614953;580481;Králíky;;;;;72559;Králíky;625612;Antonína Dvoøáka;è.p.;780;;;56169;576024.27;1064065.71;2013-12-05T00:00:00
5614961;580481;Králíky;;;;;72559;Králíky;625612;Antonína Dvoøáka;è.p.;781;;;56169;576014.36;1064046.13;2013-12-05T00:00:00
5614970;580481;Králíky;;;;;72559;Králíky;625612;Antonína Dvoøáka;è.p.;782;;;56169;576006.56;1064027.35;2013-12-05T00:00:00
5614988;580481;Králíky;;;;;72559;Králíky;625612;Antonína Dvoøáka;è.p.;783;;;56169;575998.03;1064006.11;2013-12-05T00:00:00
5614996;580481;Králíky;;;;;72559;Králíky;625736;Jana Nerudy;è.p.;784;;;56169;575993.26;1063978.35;2013-12-05T00:00:00
5615003;580481;Králíky;;;;;72559;Králíky;626155;Zdeòka Fibicha;è.p.;786;;;56169;576036.43;1063978.01;2013-12-05T00:00:00
5615011;580481;Králíky;;;;;72559;Králíky;626155;Zdeòka Fibicha;è.p.;787;;;56169;576039.93;1063986.15;2013-12-05T00:00:00
5615020;580481;Králíky;;;;;72559;Králíky;626155;Zdeòka Fibicha;è.p.;788;;;56169;576043.31;1063994.26;2013-12-05T00:00:00
5615038;580481;Králíky;;;;;72559;Králíky;626155;Zdeòka Fibicha;è.p.;789;;;56169;576046.67;1064002.39;2013-12-05T00:00:00
5615046;580481;Králíky;;;;;72559;Králíky;626155;Zdeòka Fibicha;è.p.;790;;;56169;576050.09;1064010.46;2013-12-05T00:00:00
5615054;580481;Králíky;;;;;72559;Králíky;626155;Zdeòka Fibicha;è.p.;791;;;56169;576053.46;1064018.69;2013-12-05T00:00:00
5615062;580481;Králíky;;;;;72559;Králíky;626155;Zdeòka Fibicha;è.p.;792;;;56169;576066.65;1064040.18;2013-12-05T00:00:00
5615071;580481;Králíky;;;;;72559;Králíky;626155;Zdeòka Fibicha;è.p.;793;;;56169;576070.72;1064046.88;2013-12-05T00:00:00
5615089;580481;Králíky;;;;;72559;Králíky;626155;Zdeòka Fibicha;è.p.;794;;;56169;576075.01;1064053.38;2013-12-05T00:00:00
5615097;580481;Králíky;;;;;72559;Králíky;626155;Zdeòka Fibicha;è.p.;795;;;56169;576079.70;1064059.31;2013-12-05T00:00:00
5615101;580481;Králíky;;;;;72559;Králíky;626155;Zdeòka Fibicha;è.p.;796;;;56169;576083.79;1064065.86;2013-12-05T00:00:00
5615119;580481;Králíky;;;;;72559;Králíky;626155;Zdeòka Fibicha;è.p.;797;;;56169;576088.32;1064071.45;2013-12-05T00:00:00
5615127;580481;Králíky;;;;;72559;Králíky;626155;Zdeòka Fibicha;è.p.;798;;;56169;576110.57;1064051.87;2013-12-05T00:00:00
5615135;580481;Králíky;;;;;72559;Králíky;626155;Zdeòka Fibicha;è.p.;799;;;56169;576097.20;1064035.49;2013-12-05T00:00:00
5615143;580481;Králíky;;;;;72559;Králíky;626155;Zdeòka Fibicha;è.p.;800;;;56169;576087.55;1064016.03;2013-12-05T00:00:00
5615151;580481;Králíky;;;;;72559;Králíky;626155;Zdeòka Fibicha;è.p.;801;;;56169;576078.54;1063997.00;2013-12-05T00:00:00
5615160;580481;Králíky;;;;;72559;Králíky;626155;Zdeòka Fibicha;è.p.;802;;;56169;576071.21;1063980.41;2013-12-05T00:00:00
5615178;580481;Králíky;;;;;72559;Králíky;626155;Zdeòka Fibicha;è.p.;803;;;56169;576069.92;1063972.84;2013-12-05T00:00:00
5615186;580481;Králíky;;;;;72559;Králíky;625809;Leoše Janáèka;è.p.;804;;;56169;576076.66;1064138.49;2013-12-05T00:00:00
5615194;580481;Králíky;;;;;72559;Králíky;625809;Leoše Janáèka;è.p.;805;;;56169;576106.53;1064175.44;2013-12-05T00:00:00
5615208;580481;Králíky;;;;;72559;Králíky;625809;Leoše Janáèka;è.p.;806;;;56169;576122.70;1064197.20;2013-12-05T00:00:00
5615216;580481;Králíky;;;;;72559;Králíky;625809;Leoše Janáèka;è.p.;807;;;56169;576138.35;1064213.70;2013-12-05T00:00:00
5615224;580481;Králíky;;;;;72559;Králíky;625809;Leoše Janáèka;è.p.;808;;;56169;576153.25;1064233.08;2013-12-05T00:00:00
5615232;580481;Králíky;;;;;72559;Králíky;625809;Leoše Janáèka;è.p.;809;;;56169;576160.54;1064256.73;2013-12-05T00:00:00
5615241;580481;Králíky;;;;;72559;Králíky;625809;Leoše Janáèka;è.p.;810;;;56169;576161.78;1064281.58;2013-12-05T00:00:00
5615259;580481;Králíky;;;;;72559;Králíky;625809;Leoše Janáèka;è.p.;811;;;56169;576158.44;1064306.80;2013-12-05T00:00:00
5615267;580481;Králíky;;;;;72559;Králíky;625809;Leoše Janáèka;è.p.;812;;;56169;576156.93;1064330.73;2013-12-05T00:00:00
5615275;580481;Králíky;;;;;72559;Králíky;625809;Leoše Janáèka;è.p.;813;;;56169;576060.81;1064171.63;2013-12-05T00:00:00
5615283;580481;Králíky;;;;;72559;Králíky;625809;Leoše Janáèka;è.p.;814;;;56169;576048.75;1064182.50;2013-12-05T00:00:00
5615291;580481;Králíky;;;;;72559;Králíky;625809;Leoše Janáèka;è.p.;815;;;56169;576103.91;1064229.26;2013-12-05T00:00:00
5615305;580481;Králíky;;;;;72559;Králíky;625809;Leoše Janáèka;è.p.;816;;;56169;576124.04;1064262.27;2013-12-05T00:00:00
5615313;580481;Králíky;;;;;72559;Králíky;625809;Leoše Janáèka;è.p.;817;;;56169;576088.15;1064155.89;2013-12-05T00:00:00
5615321;580481;Králíky;;;;;72559;Králíky;626139;Za Pilou;è.p.;820;;;56169;576040.90;1063596.29;2014-01-29T00:00:00
5615330;580481;Králíky;;;;;72559;Králíky;626139;Za Pilou;è.p.;821;;;56169;576033.89;1063598.47;2014-01-29T00:00:00
5615348;580481;Králíky;;;;;72559;Králíky;626139;Za Pilou;è.p.;822;;;56169;576026.48;1063601.43;2014-01-29T00:00:00
5615356;580481;Králíky;;;;;72559;Králíky;626139;Za Pilou;è.p.;823;;;56169;576019.70;1063604.39;2014-01-29T00:00:00
5615364;580481;Králíky;;;;;72559;Králíky;626139;Za Pilou;è.p.;824;;;56169;576012.07;1063606.99;2014-01-29T00:00:00
5615372;580481;Králíky;;;;;72559;Králíky;626139;Za Pilou;è.p.;825;;;56169;575994.83;1063609.18;2014-01-29T00:00:00
5615381;580481;Králíky;;;;;72559;Králíky;626139;Za Pilou;è.p.;826;;;56169;575987.82;1063612.07;2014-01-29T00:00:00
5615399;580481;Králíky;;;;;72559;Králíky;626139;Za Pilou;è.p.;827;;;56169;575980.78;1063615.14;2014-01-29T00:00:00
5615402;580481;Králíky;;;;;72559;Králíky;626139;Za Pilou;è.p.;828;;;56169;575973.51;1063618.15;2014-01-29T00:00:00
5615411;580481;Králíky;;;;;72559;Králíky;626139;Za Pilou;è.p.;829;;;56169;575966.29;1063620.80;2014-01-29T00:00:00
5615429;580481;Králíky;;;;;72559;Králíky;626139;Za Pilou;è.p.;830;;;56169;575941.19;1063602.55;2014-01-29T00:00:00
5615437;580481;Králíky;;;;;72559;Králíky;626139;Za Pilou;è.p.;831;;;56169;575933.85;1063600.33;2014-01-29T00:00:00
5615445;580481;Králíky;;;;;72559;Králíky;626139;Za Pilou;è.p.;832;;;56169;575926.75;1063602.70;2014-01-29T00:00:00
5615453;580481;Králíky;;;;;72559;Králíky;626139;Za Pilou;è.p.;833;;;56169;575919.86;1063605.72;2014-01-29T00:00:00
5615461;580481;Králíky;;;;;72559;Králíky;626139;Za Pilou;è.p.;834;;;56169;575913.17;1063608.64;2014-01-29T00:00:00
5615470;580481;Králíky;;;;;72559;Králíky;625931;Nádražní;è.p.;841;;;56169;576961.95;1064000.07;2013-12-05T00:00:00
5615488;580481;Králíky;;;;;72559;Králíky;625931;Nádražní;è.p.;842;;;56169;576944.49;1064003.32;2013-12-05T00:00:00
5615496;580481;Králíky;;;;;72559;Králíky;625931;Nádražní;è.p.;843;;;56169;576927.38;1064005.88;2013-12-05T00:00:00
5615500;580481;Králíky;;;;;72559;Králíky;625931;Nádražní;è.p.;844;;;56169;576922.51;1064043.04;2025-09-19T00:00:00
5615518;580481;Králíky;;;;;72559;Králíky;625931;Nádražní;è.p.;845;;;56169;576925.45;1064060.61;2025-09-19T00:00:00
5615526;580481;Králíky;;;;;72559;Králíky;625795;Kosmonautù;è.p.;861;;;56169;577531.11;1063766.83;2013-12-05T00:00:00
5615534;580481;Králíky;;;;;72559;Králíky;625795;Kosmonautù;è.p.;862;;;56169;577568.19;1063771.86;2013-12-05T00:00:00
5615542;580481;Králíky;;;;;72559;Králíky;625981;Polní;è.p.;890;;;56169;575930.99;1063834.54;2014-01-24T00:00:00
5615551;580481;Králíky;;;;;72559;Králíky;625981;Polní;è.p.;891;;;56169;575854.87;1063798.63;2014-01-29T00:00:00
5615569;580481;Králíky;;;;;72559;Králíky;625981;Polní;è.p.;892;;;56169;575855.95;1063823.74;2014-01-29T00:00:00
5615577;580481;Králíky;;;;;72559;Králíky;625981;Polní;è.p.;893;;;56169;575854.85;1063842.82;2014-01-29T00:00:00
5615585;580481;Králíky;;;;;72559;Králíky;625761;Valdštejnova;è.p.;914;;;56169;576548.98;1063743.69;2014-01-29T00:00:00
5615593;580481;Králíky;;;;;72559;Králíky;626121;Vladislava Vanèury;è.p.;920;;;56169;576578.19;1064121.76;2013-12-05T00:00:00
5615607;580481;Králíky;;;;;133795;Heømanice;;;è.p.;3;;;56169;577465.55;1059402.43;2019-07-16T00:00:00
5615615;580481;Králíky;;;;;133795;Heømanice;;;è.p.;6;;;56169;577354.01;1059264.75;2013-12-05T00:00:00
5615623;580481;Králíky;;;;;133795;Heømanice;;;è.p.;9;;;56169;577278.29;1059206.10;2013-12-05T00:00:00
5615631;580481;Králíky;;;;;133795;Heømanice;;;è.p.;11;;;56169;577176.07;1059100.71;2013-12-05T00:00:00
5615640;580481;Králíky;;;;;133795;Heømanice;;;è.p.;12;;;56169;577155.72;1059078.46;2013-12-05T00:00:00
5615658;580481;Králíky;;;;;133795;Heømanice;;;è.p.;16;;;56169;577030.42;1058970.91;2013-12-05T00:00:00
5615666;580481;Králíky;;;;;133795;Heømanice;;;è.p.;17;;;56169;576943.73;1058938.83;2013-12-05T00:00:00
5615674;580481;Králíky;;;;;133795;Heømanice;;;è.p.;18;;;56169;576413.68;1058635.65;2013-12-05T00:00:00
5615682;580481;Králíky;;;;;133795;Heømanice;;;è.p.;20;;;56169;576826.79;1058784.19;2013-12-05T00:00:00
5615691;580481;Králíky;;;;;133795;Heømanice;;;è.p.;21;;;56169;576721.07;1058695.55;2013-12-05T00:00:00
5615704;580481;Králíky;;;;;133795;Heømanice;;;è.p.;22;;;56169;576672.84;1058716.06;2013-12-05T00:00:00
5615721;580481;Králíky;;;;;133795;Heømanice;;;è.p.;25;;;56169;576465.69;1058569.42;2013-12-05T00:00:00
5615739;580481;Králíky;;;;;133795;Heømanice;;;è.p.;28;;;56169;576289.41;1058436.63;2018-12-03T00:00:00
5615747;580481;Králíky;;;;;133795;Heømanice;;;è.p.;30;;;56169;576695.28;1058665.68;2013-12-05T00:00:00
5615755;580481;Králíky;;;;;133795;Heømanice;;;è.p.;44;;;56169;575618.87;1057955.56;2013-12-05T00:00:00
5615763;580481;Králíky;;;;;133795;Heømanice;;;è.p.;48;;;56169;575889.62;1058276.97;2013-12-05T00:00:00
5615771;580481;Králíky;;;;;133795;Heømanice;;;è.p.;53;;;56169;576388.93;1058467.26;2019-04-03T00:00:00
5615780;580481;Králíky;;;;;133795;Heømanice;;;è.p.;55;;;56169;576507.09;1058548.13;2013-12-05T00:00:00
5615798;580481;Králíky;;;;;133795;Heømanice;;;è.p.;56;;;56169;576591.34;1058592.28;2013-12-05T00:00:00
5615801;580481;Králíky;;;;;133795;Heømanice;;;è.p.;58;;;56169;576717.90;1058609.94;2013-12-05T00:00:00
5615810;580481;Králíky;;;;;133795;Heømanice;;;è.p.;59;;;56169;576828.99;1058641.65;2013-12-05T00:00:00
5615828;580481;Králíky;;;;;133795;Heømanice;;;è.p.;60;;;56169;576782.61;1058669.96;2024-05-16T00:00:00
5615836;580481;Králíky;;;;;133795;Heømanice;;;è.p.;61;;;56169;576976.72;1058854.20;2013-12-05T00:00:00
5615844;580481;Králíky;;;;;133795;Heømanice;;;è.p.;63;;;56169;577144.06;1058966.19;2013-12-05T00:00:00
5615852;580481;Králíky;;;;;133795;Heømanice;;;è.p.;67;;;56169;577338.21;1059170.87;2018-02-20T00:00:00
5615861;580481;Králíky;;;;;133795;Heømanice;;;è.p.;70;;;56169;577437.07;1059238.26;2013-12-05T00:00:00
5615879;580481;Králíky;;;;;133795;Heømanice;;;è.p.;73;;;56169;577547.20;1059337.12;2013-12-05T00:00:00
5615887;580481;Králíky;;;;;133795;Heømanice;;;è.p.;83;;;56169;577244.03;1059160.93;2013-12-05T00:00:00
5615895;580481;Králíky;;;;;133795;Heømanice;;;è.p.;84;;;56169;576285.34;1058497.19;2013-12-05T00:00:00
5615909;580481;Králíky;;;;;133795;Heømanice;;;è.p.;91;;;56169;576938.58;1058870.24;2013-12-05T00:00:00
5615917;580481;Králíky;;;;;133795;Heømanice;;;è.p.;93;;;56169;576877.73;1058807.32;2013-12-05T00:00:00
5615925;580481;Králíky;;;;;133795;Heømanice;;;è.p.;97;;;56169;574130.39;1057261.33;2013-12-05T00:00:00
5615933;580481;Králíky;;;;;133795;Heømanice;;;è.p.;99;;;56169;577002.29;1058939.62;2013-12-05T00:00:00
5615941;580481;Králíky;;;;;133795;Heømanice;;;è.p.;100;;;56169;576743.03;1058672.53;2018-05-15T00:00:00
5615950;580481;Králíky;;;;;133795;Heømanice;;;è.p.;101;;;56169;576949.58;1058784.19;2013-12-05T00:00:00
5615968;580481;Králíky;;;;;133795;Heømanice;;;è.ev.;1;;;56169;575776.73;1058215.30;2013-12-05T00:00:00
5615976;580481;Králíky;;;;;133795;Heømanice;;;è.ev.;2;;;56169;575693.78;1058229.54;2013-12-05T00:00:00
5615984;580481;Králíky;;;;;133795;Heømanice;;;è.ev.;3;;;56169;576250.97;1058345.25;2013-12-05T00:00:00
5615992;580481;Králíky;;;;;133795;Heømanice;;;è.ev.;4;;;56169;575561.55;1057940.80;2013-12-05T00:00:00
5616000;580481;Králíky;;;;;133795;Heømanice;;;è.ev.;5;;;56169;575501.84;1057946.14;2013-12-05T00:00:00
5616018;580481;Králíky;;;;;133795;Heømanice;;;è.ev.;6;;;56169;576332.94;1058401.15;2013-12-05T00:00:00
5616026;580481;Králíky;;;;;133795;Heømanice;;;è.ev.;7;;;56169;576364.58;1058406.03;2013-12-05T00:00:00
5616034;580481;Králíky;;;;;133795;Heømanice;;;è.ev.;8;;;56169;576573.94;1058691.48;2013-12-05T00:00:00
5616042;580481;Králíky;;;;;133809;Prostøední Lipka;;;è.p.;1;;;56169;576829.25;1062421.43;2014-04-09T00:00:00
5616051;580481;Králíky;;;;;133809;Prostøední Lipka;;;è.p.;2;;;56169;576967.93;1061769.29;2013-12-05T00:00:00
5616077;580481;Králíky;;;;;133809;Prostøední Lipka;;;è.p.;4;;;56169;577083.41;1061641.83;2013-12-05T00:00:00
5616085;580481;Králíky;;;;;133809;Prostøední Lipka;;;è.p.;5;;;56169;578371.69;1061100.03;2013-12-05T00:00:00
5616093;580481;Králíky;;;;;133809;Prostøední Lipka;;;è.p.;6;;;56169;577638.43;1061350.53;2013-12-05T00:00:00
5616107;580481;Králíky;;;;;133809;Prostøední Lipka;;;è.p.;7;;;56169;577111.94;1061619.67;2013-12-05T00:00:00
5616115;580481;Králíky;;;;;133809;Prostøední Lipka;;;è.p.;8;;;56169;577119.45;1061649.72;2013-12-05T00:00:00
5616123;580481;Králíky;;;;;133809;Prostøední Lipka;;;è.p.;9;;;56169;577126.53;1061677.95;2013-12-05T00:00:00
5616131;580481;Králíky;;;;;133809;Prostøední Lipka;;;è.p.;10;;;56169;578173.23;1060927.01;2013-12-05T00:00:00
5616140;580481;Králíky;;;;;133809;Prostøední Lipka;;;è.p.;11;;;56169;578096.20;1060921.48;2013-12-05T00:00:00
5616158;580481;Králíky;;;;;133809;Prostøední Lipka;;;è.p.;12;;;56169;577095.14;1061697.11;2013-12-05T00:00:00
5616166;580481;Králíky;;;;;133809;Prostøední Lipka;;;è.p.;13;;;56169;577992.97;1060986.31;2013-12-05T00:00:00
5616174;580481;Králíky;;;;;133809;Prostøední Lipka;;;è.p.;14;;;56169;577072.62;1061709.88;2013-12-05T00:00:00
5616182;580481;Králíky;;;;;133809;Prostøední Lipka;;;è.p.;15;;;56169;576848.27;1061834.28;2013-12-05T00:00:00
5616191;580481;Králíky;;;;;133809;Prostøední Lipka;;;è.p.;16;;;56169;575858.21;1061069.12;2020-07-17T00:00:00
5616212;580481;Králíky;;;;;133809;Prostøední Lipka;;;è.p.;19;;;56169;577720.92;1061171.23;2013-12-05T00:00:00
5616221;580481;Králíky;;;;;133809;Prostøední Lipka;;;è.p.;20;;;56169;576816.25;1061816.36;2013-12-05T00:00:00
5616239;580481;Králíky;;;;;133809;Prostøední Lipka;;;è.p.;21;;;56169;576802.78;1061824.65;2013-12-05T00:00:00
5616247;580481;Králíky;;;;;133809;Prostøední Lipka;;;è.p.;22;;;56169;577625.29;1061307.51;2013-12-05T00:00:00
5616255;580481;Králíky;;;;;133809;Prostøední Lipka;;;è.p.;24;;;56169;577437.64;1061372.69;2013-12-05T00:00:00
5616263;580481;Králíky;;;;;133809;Prostøední Lipka;;;è.p.;27;;;56169;577286.87;1061358.23;2013-12-05T00:00:00
5616271;580481;Králíky;;;;;133809;Prostøední Lipka;;;è.p.;30;;;56169;577170.83;1061524.94;2013-12-05T00:00:00
5616280;580481;Králíky;;;;;133809;Prostøední Lipka;;;è.p.;31;;;56169;577071.26;1061449.95;2013-12-05T00:00:00
5616301;580481;Králíky;;;;;133809;Prostøední Lipka;;;è.p.;33;;;56169;577031.84;1061572.70;2013-12-05T00:00:00
5616310;580481;Králíky;;;;;133809;Prostøední Lipka;;;è.p.;34;;;56169;576996.41;1061565.71;2013-12-05T00:00:00
5616328;580481;Králíky;;;;;133809;Prostøední Lipka;;;è.p.;36;;;56169;576965.40;1061739.75;2013-12-05T00:00:00
5616336;580481;Králíky;;;;;133809;Prostøední Lipka;;;è.p.;37;;;56169;576925.46;1061740.50;2013-12-05T00:00:00
5616344;580481;Králíky;;;;;133809;Prostøední Lipka;;;è.p.;38;;;56169;576870.80;1061789.01;2013-12-05T00:00:00
5616352;580481;Králíky;;;;;133809;Prostøední Lipka;;;è.p.;39;;;56169;576750.48;1061771.35;2013-12-05T00:00:00
5616361;580481;Králíky;;;;;133809;Prostøední Lipka;;;è.p.;40;;;56169;576626.37;1061919.80;2013-12-05T00:00:00
5616379;580481;Králíky;;;;;133809;Prostøední Lipka;;;è.p.;41;;;56169;576615.01;1062006.96;2013-12-05T00:00:00
5616387;580481;Králíky;;;;;133809;Prostøední Lipka;;;è.p.;42;;;56169;576596.94;1061830.90;2013-12-05T00:00:00
5616395;580481;Králíky;;;;;133809;Prostøední Lipka;;;è.p.;43;;;56169;576460.07;1061981.79;2013-12-05T00:00:00
5616409;580481;Králíky;;;;;133809;Prostøední Lipka;;;è.p.;45;;;56169;576266.41;1061947.04;2013-12-05T00:00:00
5616417;580481;Králíky;;;;;133809;Prostøední Lipka;;;è.p.;47;;;56169;576091.99;1061893.55;2013-12-05T00:00:00
5616425;580481;Králíky;;;;;133809;Prostøední Lipka;;;è.p.;48;;;56169;575982.72;1061950.79;2013-12-05T00:00:00
5616433;580481;Králíky;;;;;133809;Prostøední Lipka;;;è.p.;52;;;56169;575889.82;1061864.12;2013-12-05T00:00:00
5616441;580481;Králíky;;;;;133809;Prostøední Lipka;;;è.p.;56;;;56169;576535.76;1061836.16;2013-12-05T00:00:00
5616450;580481;Králíky;;;;;133809;Prostøední Lipka;;;è.p.;60;;;56169;578598.43;1061293.31;2013-12-05T00:00:00
5616468;580481;Králíky;;;;;133809;Prostøední Lipka;;;è.p.;61;;;56169;576890.59;1061693.07;2013-12-05T00:00:00
5616476;580481;Králíky;;;;;133809;Prostøední Lipka;;;è.p.;62;;;56169;576955.82;1061699.92;2013-12-05T00:00:00
5616484;580481;Králíky;;;;;133809;Prostøední Lipka;;;è.p.;63;;;56169;576967.74;1061599.00;2013-12-05T00:00:00
5616492;580481;Králíky;;;;;133809;Prostøední Lipka;;;è.p.;64;;;56169;577057.93;1061382.70;2013-12-05T00:00:00
5616506;580481;Králíky;;;;;133809;Prostøední Lipka;;;è.p.;68;;;56169;577064.99;1061662.35;2023-05-24T00:00:00
5616514;580481;Králíky;;;;;133809;Prostøední Lipka;;;è.p.;69;;;56169;577210.01;1061242.47;2013-12-05T00:00:00
5616522;580481;Králíky;;;;;133809;Prostøední Lipka;;;è.p.;72;;;56169;577452.23;1061230.07;2013-12-05T00:00:00
5616531;580481;Králíky;;;;;133809;Prostøední Lipka;;;è.p.;74;;;56169;577511.24;1061156.79;2021-12-03T00:00:00
5616549;580481;Králíky;;;;;133809;Prostøední Lipka;;;è.p.;75;;;56169;577600.00;1061180.43;2013-12-05T00:00:00
5616557;580481;Králíky;;;;;133809;Prostøední Lipka;;;è.p.;85;;;56169;578220.90;1060675.34;2013-12-05T00:00:00
5616565;580481;Králíky;;;;;133809;Prostøední Lipka;;;è.p.;92;;;56169;576766.72;1061832.21;2013-12-05T00:00:00
5616573;580481;Králíky;;;;;133809;Prostøední Lipka;;;è.p.;93;;;56169;578077.51;1060624.32;2013-12-05T00:00:00
5616581;580481;Králíky;;;;;133809;Prostøední Lipka;;;è.p.;98;;;56169;577111.43;1061573.69;2013-12-05T00:00:00
5616590;580481;Králíky;;;;;133809;Prostøední Lipka;;;è.p.;99;;;56169;577853.11;1061125.58;2013-12-05T00:00:00
5616603;580481;Králíky;;;;;133809;Prostøední Lipka;;;è.p.;101;;;56169;577989.52;1060803.60;2013-12-05T00:00:00
5616611;580481;Králíky;;;;;133809;Prostøední Lipka;;;è.p.;105;;;56169;576765.64;1061694.66;2013-12-05T00:00:00
5616638;580481;Králíky;;;;;133809;Prostøední Lipka;;;è.p.;113;;;56169;575826.68;1061356.41;2013-12-05T00:00:00
5616654;580481;Králíky;;;;;133809;Prostøední Lipka;;;è.p.;117;;;56169;577193.41;1062464.47;2013-12-05T00:00:00
5616662;580481;Králíky;;;;;133809;Prostøední Lipka;;;è.p.;118;;;56169;577747.95;1061278.53;2013-12-05T00:00:00
5616671;580481;Králíky;;;;;133809;Prostøední Lipka;;;è.p.;119;;;56169;577884.97;1061084.77;2013-12-05T00:00:00
5616689;580481;Králíky;;;;;133809;Prostøední Lipka;;;è.p.;124;;;56169;578043.63;1060671.51;2013-12-05T00:00:00
5616697;580481;Králíky;;;;;133809;Prostøední Lipka;;;è.p.;125;;;56169;578423.70;1060822.81;2013-12-05T00:00:00
5616719;580481;Králíky;;;;;411418;Horní Hedeè;;;è.p.;2;;;78833;572180.80;1063972.59;2019-06-28T00:00:00
5616727;580481;Králíky;;;;;411418;Horní Hedeè;;;è.p.;3;;;78833;572217.63;1063998.39;2019-06-20T00:00:00
5616735;580481;Králíky;;;;;411426;Kopeèek;;;è.p.;1;;;56169;575269.44;1064806.86;2013-12-05T00:00:00
5616743;580481;Králíky;;;;;411426;Kopeèek;;;è.p.;2;;;56169;575178.18;1064763.95;2021-05-05T00:00:00
5616751;580481;Králíky;;;;;72559;Králíky;626007;Pøíèní;è.p.;352;;;56169;576606.42;1063707.53;2014-01-29T00:00:00
5645123;580481;Králíky;;;;;72559;Králíky;625591;5. kvìtna;è.p.;368;;;56169;576785.46;1063625.65;2014-01-29T00:00:00
16380738;580481;Králíky;;;;;72559;Králíky;625957;Moravská;è.p.;999;;;56169;576714.61;1063869.45;2013-12-05T00:00:00
16380746;580481;Králíky;;;;;72559;Králíky;625761;Valdštejnova;è.p.;916;;;56169;576583.53;1063689.70;2014-01-29T00:00:00
16380754;580481;Králíky;;;;;72559;Králíky;625795;Kosmonautù;è.p.;863;;;56169;577572.57;1063744.89;2013-12-05T00:00:00
17993946;580481;Králíky;;;;;72559;Králíky;625795;Kosmonautù;è.p.;869;;;56169;577725.49;1063747.96;2013-12-05T00:00:00
17993954;580481;Králíky;;;;;72559;Králíky;625795;Kosmonautù;è.p.;871;;;56169;577777.65;1063747.66;2013-12-05T00:00:00
24378925;580481;Králíky;;;;;72559;Králíky;625736;Jana Nerudy;è.p.;611;;;56169;576231.58;1063883.51;2013-12-05T00:00:00
24378933;580481;Králíky;;;;;72559;Králíky;625795;Kosmonautù;è.p.;868;;;56169;577698.51;1063752.25;2013-12-05T00:00:00
24378941;580481;Králíky;;;;;72559;Králíky;625922;Orlická;è.p.;759;;;56169;576508.70;1064431.31;2013-12-05T00:00:00
24378968;580481;Králíky;;;;;72559;Králíky;625990;Pøedmìstí;è.p.;207;;;56169;578474.90;1063606.62;2013-12-05T00:00:00
24973670;580481;Králíky;;;;;72559;Králíky;625795;Kosmonautù;è.p.;876;;;56169;577627.70;1063719.58;2013-12-05T00:00:00
25006754;580481;Králíky;;;;;72559;Králíky;625795;Kosmonautù;è.p.;860;;;56169;577546.55;1063739.20;2013-12-05T00:00:00
25006762;580481;Králíky;;;;;43362;Horní Lipka;;;è.p.;132;;;56169;575518.07;1059624.28;2022-11-02T00:00:00
25049232;580481;Králíky;;;;;72559;Králíky;626112;V Bytovkách;è.p.;921;;;56169;576758.30;1063631.68;2014-01-29T00:00:00
25101595;580481;Králíky;;;;;72559;Králíky;626171;Na Mokøinách;è.p.;940;;;56169;577314.21;1063387.85;2013-12-05T00:00:00
25135481;580481;Králíky;;;;;72541;Dolní Hedeè;;;è.p.;44;;;56169;575087.46;1063722.11;2013-12-05T00:00:00
25165321;580481;Králíky;;;;;28720;Dolní Boøíkovice;;;è.ev.;152;;;56169;581009.31;1065609.85;2013-12-05T00:00:00
25184407;580481;Králíky;;;;;72559;Králíky;626112;V Bytovkách;è.p.;922;;;56169;576758.00;1063651.27;2014-01-29T00:00:00
25192221;580481;Králíky;;;;;28720;Dolní Boøíkovice;;;è.p.;154;;;56169;580246.83;1064067.96;2013-12-05T00:00:00
25240251;580481;Králíky;;;;;72559;Králíky;625795;Kosmonautù;è.p.;870;;;56169;577750.55;1063747.75;2013-12-05T00:00:00
25250825;580481;Králíky;;;;;72559;Králíky;625795;Kosmonautù;è.p.;882;;;56169;577747.36;1063716.75;2013-12-05T00:00:00
25262718;580481;Králíky;;;;;72559;Králíky;625795;Kosmonautù;è.p.;879;;;56169;577686.95;1063716.64;2013-12-05T00:00:00
25301829;580481;Králíky;;;;;28720;Dolní Boøíkovice;;;è.p.;123;;;56169;580528.00;1063612.00;2013-12-05T00:00:00
25304755;580481;Králíky;;;;;72559;Králíky;625795;Kosmonautù;è.p.;864;;;56169;577599.31;1063748.43;2013-12-05T00:00:00
25352334;580481;Králíky;;;;;43362;Horní Lipka;;;è.ev.;16;;;56169;574350.95;1058133.19;2013-12-05T00:00:00
25385411;580481;Králíky;;;;;72559;Králíky;625931;Nádražní;è.p.;490;;;56169;576926.00;1063880.26;2013-12-05T00:00:00
25397435;580481;Králíky;;;;;72559;Králíky;626147;Zahradní;è.p.;469;;;56169;576353.13;1063747.26;2013-12-05T00:00:00
25509551;580481;Králíky;;;;;72559;Králíky;713244;Ke Skalce;è.p.;1001;;;56169;576273.24;1063367.71;2014-01-24T00:00:00
25509560;580481;Králíky;;;;;72559;Králíky;713244;Ke Skalce;è.p.;1002;;;56169;576340.51;1063310.06;2014-01-24T00:00:00
25677489;580481;Králíky;;;;;72559;Králíky;625795;Kosmonautù;è.p.;865;;;56169;577624.97;1063747.73;2013-12-05T00:00:00
25677811;580481;Králíky;;;;;28720;Dolní Boøíkovice;;;è.p.;183;;;56169;580476.94;1063553.29;2013-12-05T00:00:00
25677829;580481;Králíky;;;;;72559;Králíky;713244;Ke Skalce;è.p.;111;;;56169;576186.37;1063636.02;2014-01-24T00:00:00
25700359;580481;Králíky;;;;;43362;Horní Lipka;;;è.ev.;17;;;56169;574258.42;1058048.31;2013-12-05T00:00:00
25844121;580481;Králíky;;;;;72559;Králíky;625795;Kosmonautù;è.p.;874;;;56169;577586.10;1063715.29;2013-12-05T00:00:00
25919393;580481;Králíky;;;;;72559;Králíky;625973;Pod dìtským domovem;è.p.;575;;;56169;577209.71;1063894.43;2013-12-05T00:00:00
26046342;580481;Králíky;;;;;72559;Králíky;625795;Kosmonautù;è.p.;878;;;56169;577668.55;1063718.99;2013-12-05T00:00:00
26118173;580481;Králíky;;;;;72559;Králíky;625795;Kosmonautù;è.p.;881;;;56169;577727.94;1063719.24;2013-12-05T00:00:00
26133164;580481;Králíky;;;;;72559;Králíky;625795;Kosmonautù;è.p.;877;;;56169;577648.37;1063715.18;2013-12-05T00:00:00
26167557;580481;Králíky;;;;;72559;Králíky;626171;Na Mokøinách;è.p.;942;;;56169;577325.61;1063445.99;2013-12-05T00:00:00
26345455;580481;Králíky;;;;;72559;Králíky;625604;Aloise Jiráska;è.p.;596;;;56169;576246.30;1064213.05;2013-12-05T00:00:00
26345463;580481;Králíky;;;;;72559;Králíky;625931;Nádražní;è.p.;653;;;56169;576958.38;1063701.50;2013-12-05T00:00:00
26345471;580481;Králíky;;;;;72559;Králíky;625809;Leoše Janáèka;è.p.;818;;;56169;576094.25;1064217.44;2013-12-05T00:00:00
26345480;580481;Králíky;;;;;72559;Králíky;625795;Kosmonautù;è.p.;873;;;56169;577562.43;1063713.85;2013-12-05T00:00:00
26345498;580481;Králíky;;;;;72559;Králíky;625795;Kosmonautù;è.p.;875;;;56169;577608.40;1063716.41;2013-12-05T00:00:00
26345501;580481;Králíky;;;;;72559;Králíky;;;è.p.;998;;;56169;576657.93;1063892.92;2020-11-10T00:00:00
26397277;580481;Králíky;;;;;43362;Horní Lipka;;;è.ev.;20;;;56169;574186.88;1058013.75;2022-11-02T00:00:00
26403099;580481;Králíky;;;;;29581;Dolní Lipka;;;è.p.;36;;;56169;578836.75;1062173.34;2013-12-05T00:00:00
26586002;580481;Králíky;;;;;43362;Horní Lipka;;;è.ev.;19;;;56169;575085.41;1059181.68;2013-12-05T00:00:00
26608821;580481;Králíky;;;;;43362;Horní Lipka;;;è.ev.;22;;;56169;574360.76;1057649.23;2013-12-05T00:00:00
26610086;580481;Králíky;;;;;28720;Dolní Boøíkovice;;;è.p.;33;;;56169;580206.00;1064827.00;2013-12-05T00:00:00
26626438;580481;Králíky;;;;;43362;Horní Lipka;;;è.ev.;18;;;56169;574510.28;1058084.82;2018-12-03T00:00:00
26940108;580481;Králíky;;;;;72559;Králíky;625701;Hradecká;è.p.;196;;;56169;577907.65;1063451.89;2013-12-05T00:00:00
27082679;580481;Králíky;;;;;29581;Dolní Lipka;;;è.p.;25;;;56169;580271.70;1062296.36;2013-12-05T00:00:00
27082687;580481;Králíky;;;;;29581;Dolní Lipka;;;è.p.;27;;;56169;580276.11;1062281.05;2013-12-05T00:00:00
27082695;580481;Králíky;;;;;43362;Horní Lipka;;;è.ev.;21;;;56169;574470.48;1057785.30;2013-12-05T00:00:00
27082709;580481;Králíky;;;;;72559;Králíky;626058;Slunná stráò;è.p.;379;;;56169;576814.04;1063351.81;2014-01-24T00:00:00
27082717;580481;Králíky;;;;;72559;Králíky;625710;Høbitovní;è.p.;642;;;56169;577563.32;1063855.11;2013-12-05T00:00:00
27135781;580481;Králíky;;;;;72559;Králíky;625841;Pivovarská;è.p.;382;;;56169;576911.92;1062590.80;2013-12-05T00:00:00
27135799;580481;Králíky;;;;;72559;Králíky;625604;Aloise Jiráska;è.p.;589;;;56169;576224.00;1064240.92;2013-12-05T00:00:00
27135802;580481;Králíky;;;;;72559;Králíky;625965;Plynárenská;è.p.;434;;;56169;577067.24;1063718.34;2013-12-05T00:00:00
27135811;580481;Králíky;;;;;72559;Králíky;625761;Valdštejnova;è.p.;370;;;56169;576571.24;1063720.12;2014-01-29T00:00:00
27139450;580481;Králíky;;;;;28720;Dolní Boøíkovice;;;è.p.;109;;;56169;580341.92;1064081.60;2013-12-05T00:00:00
27243940;580481;Králíky;;;;;72541;Dolní Hedeè;;;è.p.;113;;;56169;574851.13;1065153.82;2013-12-05T00:00:00
27273792;580481;Králíky;;;;;72559;Králíky;625795;Kosmonautù;è.p.;880;;;56169;577707.60;1063720.02;2013-12-05T00:00:00
27396347;580481;Králíky;;;;;72559;Králíky;625965;Plynárenská;è.p.;580;;;56169;577163.44;1063882.92;2013-12-05T00:00:00
27420086;580481;Králíky;;;;;43362;Horní Lipka;;;è.ev.;23;;;56169;575139.99;1059242.04;2013-12-05T00:00:00
27449637;580481;Králíky;;;;;28720;Dolní Boøíkovice;;;è.p.;108;;;56169;580339.23;1064104.58;2013-12-05T00:00:00
27449980;580481;Králíky;;;;;29581;Dolní Lipka;;;è.p.;34;;;56169;579909.19;1061921.15;2013-12-05T00:00:00
27450074;580481;Králíky;;;;;72559;Králíky;625701;Hradecká;è.p.;222;;;56169;577698.22;1063576.36;2013-12-05T00:00:00
27450163;580481;Králíky;;;;;28720;Dolní Boøíkovice;;;è.p.;126;;;56169;580495.46;1063181.51;2013-12-05T00:00:00
27450180;580481;Králíky;;;;;28720;Dolní Boøíkovice;;;è.p.;134;;;56169;580974.94;1065643.33;2013-12-05T00:00:00
27450210;580481;Králíky;;;;;29581;Dolní Lipka;;;è.p.;31;;;56169;581067.13;1062269.04;2013-12-05T00:00:00
27450236;580481;Králíky;;;;;72559;Králíky;625990;Pøedmìstí;è.p.;216;;;56169;578283.86;1063843.39;2013-12-05T00:00:00
27450287;580481;Králíky;;;;;43362;Horní Lipka;;;è.p.;51;;;56169;575616.27;1061301.23;2013-12-05T00:00:00
27450309;580481;Králíky;;;;;43362;Horní Lipka;;;è.ev.;8;;;56169;575015.20;1058599.49;2013-12-05T00:00:00
27450317;580481;Králíky;;;;;43362;Horní Lipka;;;è.ev.;9;;;56169;574876.18;1058341.66;2013-12-05T00:00:00
27450325;580481;Králíky;;;;;43362;Horní Lipka;;;è.ev.;11;;;56169;574012.28;1057431.77;2013-12-05T00:00:00
27450333;580481;Králíky;;;;;43362;Horní Lipka;;;è.ev.;12;;;56169;574809.13;1058446.36;2022-11-02T00:00:00
27450341;580481;Králíky;;;;;72532;Èervený Potok;;;è.p.;35;;;56169;574001.89;1061926.62;2013-12-05T00:00:00
27450368;580481;Králíky;;;;;133795;Heømanice;;;è.p.;102;;;56169;576929.78;1058753.68;2013-12-05T00:00:00
27450376;580481;Králíky;;;;;411418;Horní Hedeè;;;è.p.;48;;;78833;572724.55;1063205.72;2022-11-02T00:00:00
27450384;580481;Králíky;;;;;411418;Horní Hedeè;;;è.ev.;1;;;78833;572776.60;1064193.20;2013-12-05T00:00:00
27450392;580481;Králíky;;;;;72559;Králíky;626074;Tkalcovská;è.p.;657;;;56169;577496.47;1063392.14;2014-04-09T00:00:00
27462072;580481;Králíky;;;;;28720;Dolní Boøíkovice;;;è.p.;17;;;56169;580296.44;1064075.23;2013-12-05T00:00:00
27462510;580481;Králíky;;;;;72559;Králíky;713244;Ke Skalce;è.p.;123;;;56169;576199.21;1063658.86;2014-04-09T00:00:00
27549500;580481;Králíky;;;;;72559;Králíky;625787;Karla Èapka;è.p.;560;;;56169;576366.36;1064488.80;2013-12-05T00:00:00
27578364;580481;Králíky;;;;;72559;Králíky;626023;17. listopadu;è.p.;1938;;;56169;576013.01;1063250.06;2019-04-15T00:00:00
27702677;580481;Králíky;;;;;28720;Dolní Boøíkovice;;;è.p.;49;;;56169;580470.09;1064734.44;2016-01-11T00:00:00
27745031;580481;Králíky;;;;;72559;Králíky;625841;Pivovarská;è.p.;171;;;56169;577084.10;1063235.87;2019-09-11T00:00:00
27916243;580481;Králíky;;;;;72559;Králíky;626171;Na Mokøinách;è.p.;941;;;56169;577319.73;1063414.79;2013-12-05T00:00:00
27922502;580481;Králíky;;;;;72559;Králíky;625787;Karla Èapka;è.p.;747;;;56169;576435.23;1064449.00;2013-12-05T00:00:00
27929167;580481;Králíky;;;;;72559;Králíky;626058;Slunná stráò;è.p.;380;;;56169;576852.48;1063348.80;2014-01-24T00:00:00
27974821;580481;Králíky;;;;;72559;Králíky;625825;Luèní;è.p.;884;;;56169;577809.00;1063663.00;2013-12-05T00:00:00
27974847;580481;Králíky;;;;;72541;Dolní Hedeè;;;è.p.;4;;;56169;575181.00;1065227.00;2013-12-05T00:00:00
28042026;580481;Králíky;;;;;72559;Králíky;625876;Na Pískách;è.p.;377;;;56169;576517.00;1063556.00;2014-01-24T00:00:00
28078942;580481;Králíky;;;;;72559;Králíky;625710;Høbitovní;è.p.;641;;;56169;577591.93;1063845.82;2013-12-05T00:00:00
28168011;580481;Králíky;;;;;72559;Králíky;625639;Èervenovodská;è.p.;997;;;56169;576739.30;1063929.04;2013-12-05T00:00:00
28219325;580481;Králíky;;;;;72559;Králíky;625621;Bedøicha Smetany;è.p.;588;;;56169;576211.40;1064206.82;2014-04-09T00:00:00
28233191;580481;Králíky;;;;;72559;Králíky;625825;Luèní;è.p.;887;;;56169;577807.64;1063749.95;2014-05-15T00:00:00
28261780;580481;Králíky;;;;;72559;Králíky;625841;Pivovarská;è.p.;164;;;56169;577043.70;1063173.43;2014-04-09T00:00:00
28261836;580481;Králíky;;;;;72559;Králíky;625825;Luèní;è.p.;886;;;56169;577807.40;1063716.16;2013-12-05T00:00:00
28314921;580481;Králíky;;;;;72559;Králíky;625795;Kosmonautù;è.p.;866;;;56169;577645.59;1063746.44;2014-04-09T00:00:00
28314930;580481;Králíky;;;;;43362;Horní Lipka;;;è.p.;86;;;56169;575579.92;1059701.33;2014-04-09T00:00:00
28348231;580481;Králíky;;;;;133795;Heømanice;;;è.p.;57;;;56169;576505.50;1058508.15;2014-04-09T00:00:00
28348311;580481;Králíky;;;;;72559;Králíky;625701;Hradecká;è.p.;219;;;56169;577780.14;1063574.91;2013-12-05T00:00:00
28390768;580481;Králíky;;;;;72559;Králíky;625825;Luèní;è.p.;885;;;56169;577799.12;1063691.72;2013-12-05T00:00:00
30793840;580481;Králíky;;;;;72559;Králíky;625965;Plynárenská;è.p.;420;;;56169;577176.98;1063967.61;2019-12-05T00:00:00
30793858;580481;Králíky;;;;;72559;Králíky;;;è.p.;590;;;56169;576215.90;1064555.53;2013-12-05T00:00:00
40019616;580481;Králíky;;;;;29581;Dolní Lipka;;;è.p.;35;;;56169;579285.80;1062876.70;2014-04-09T00:00:00
40059723;580481;Králíky;;;;;72559;Králíky;626074;Tkalcovská;è.ev.;817;;;56169;577454.57;1063469.25;2014-04-09T00:00:00
40522385;580481;Králíky;;;;;72559;Králíky;626058;Slunná stráò;è.p.;1017;;;56169;576752.44;1063326.54;2014-01-24T00:00:00
40523411;580481;Králíky;;;;;72559;Králíky;626058;Slunná stráò;è.p.;1018;;;56169;576782.35;1063323.98;2014-01-24T00:00:00
40523497;580481;Králíky;;;;;133809;Prostøední Lipka;;;è.p.;100;;;56169;577804.16;1061157.32;2013-12-05T00:00:00
40743683;580481;Králíky;;;;;133809;Prostøední Lipka;;;è.p.;126;;;56169;577191.63;1061451.42;2013-12-05T00:00:00
41014782;580481;Králíky;;;;;28720;Dolní Boøíkovice;;;è.p.;156;;;56169;580205.46;1063754.39;2013-12-05T00:00:00
41223195;580481;Králíky;;;;;72559;Králíky;626058;Slunná stráò;è.p.;1019;;;56169;576812.10;1063323.00;2014-01-24T00:00:00
41924011;580481;Králíky;;;;;72559;Králíky;625795;Kosmonautù;è.p.;883;;;56169;577768.51;1063722.30;2013-12-05T00:00:00
42216389;580481;Králíky;;;;;28720;Dolní Boøíkovice;;;è.p.;25;;;56169;580234.02;1064205.09;2013-12-05T00:00:00
42543495;580481;Králíky;;;;;72559;Králíky;626058;Slunná stráò;è.p.;140;;;56169;576732.29;1063391.44;2014-01-24T00:00:00
42585741;580481;Králíky;;;;;133809;Prostøední Lipka;;;è.p.;111;;;56169;577819.24;1061054.53;2013-12-05T00:00:00
42608309;580481;Králíky;;;;;28720;Dolní Boøíkovice;;;è.p.;185;;;56169;580265.22;1064433.80;2013-12-05T00:00:00
67658148;580481;Králíky;;;;;72559;Králíky;626171;Na Mokøinách;è.p.;945;;;56169;577284.62;1063370.05;2013-12-17T00:00:00
72568682;580481;Králíky;;;;;72559;Králíky;625841;Pivovarská;è.p.;1121;;;56169;577010.37;1062880.17;2014-04-18T00:00:00
72648627;580481;Králíky;;;;;72559;Králíky;625973;Pod dìtským domovem;è.p.;578;;;56169;577223.89;1063916.18;2014-05-20T00:00:00
72852682;580481;Králíky;;;;;72559;Králíky;625787;Karla Èapka;è.p.;312;;;56169;576376.98;1063848.50;2014-06-27T00:00:00
73181901;580481;Králíky;;;;;72559;Králíky;626171;Na Mokøinách;è.p.;943;;;56169;577288.77;1063415.56;2014-11-11T00:00:00
73200212;580481;Králíky;;;;;72559;Králíky;625710;Høbitovní;è.p.;643;;;56169;577543.85;1063848.80;2014-11-26T00:00:00
73259861;580481;Králíky;;;;;72559;Králíky;625795;Kosmonautù;è.p.;872;;;56169;577539.01;1063705.39;2014-12-10T00:00:00
73326011;580481;Králíky;;;;;72559;Králíky;625744;Jana Opletala;è.p.;1000;;;56169;576297.30;1063630.44;2022-04-11T00:00:00
73520446;580481;Králíky;;;;;133809;Prostøední Lipka;;;è.p.;114;;;56169;575798.29;1061340.91;2015-03-23T00:00:00
73636011;580481;Králíky;;;;;43362;Horní Lipka;;;è.p.;28;;;56169;575587.59;1060007.90;2015-04-30T00:00:00
73636070;580481;Králíky;;;;;133809;Prostøední Lipka;;;è.p.;58;;;56169;576877.49;1061681.85;2015-04-30T00:00:00
73636321;580481;Králíky;;;;;28720;Dolní Boøíkovice;;;è.p.;184;;;56169;580290.49;1064476.41;2015-04-30T00:00:00
74028901;580481;Králíky;;;;;28720;Dolní Boøíkovice;;;è.p.;102;;;56169;580573.03;1063985.47;2015-09-14T00:00:00
74225090;580481;Králíky;;;;;72559;Králíky;626121;Vladislava Vanèury;è.p.;919;;;56169;576599.57;1063975.86;2015-11-10T00:00:00
74615858;580481;Králíky;;;;;72559;Králíky;626171;Na Mokøinách;è.p.;944;;;56169;577286.84;1063397.75;2016-02-22T00:00:00
74617931;580481;Králíky;;;;;43362;Horní Lipka;;;è.p.;61;;;56169;575703.61;1061220.85;2016-02-22T00:00:00
74911121;580481;Králíky;;;;;72559;Králíky;625710;Høbitovní;è.p.;859;;;56169;577473.43;1063824.74;2016-04-25T00:00:00
75055856;580481;Králíky;;;;;72559;Králíky;625841;Pivovarská;è.p.;1128;;;56169;576889.01;1062732.69;2016-05-30T00:00:00
75193612;580481;Králíky;;;;;72559;Králíky;625841;Pivovarská;è.p.;1124;;;56169;576941.01;1062844.92;2016-07-15T00:00:00
75234122;580481;Králíky;;;;;72559;Králíky;626058;Slunná stráò;è.p.;1016;;;56169;576727.18;1063327.09;2016-07-28T00:00:00
75293897;580481;Králíky;;;;;72559;Králíky;625710;Høbitovní;è.p.;889;;;56169;577494.27;1063836.50;2016-08-25T00:00:00
77591321;580481;Králíky;;;;;72532;Èervený Potok;;;è.p.;70;;;56169;573641.86;1061969.29;2017-08-23T00:00:00
77623932;580481;Králíky;;;;;133795;Heømanice;;;è.ev.;9;;;56169;575287.09;1057892.50;2017-09-05T00:00:00
77672836;580481;Králíky;;;;;72559;Králíky;625841;Pivovarská;è.p.;1122;;;56169;576956.04;1062866.79;2017-11-01T00:00:00
77834518;580481;Králíky;;;;;43362;Horní Lipka;;;è.ev.;24;;;56169;575799.74;1060571.07;2017-11-30T00:00:00
77953193;580481;Králíky;;;;;20788;Horní Boøíkovice;;;è.ev.;1;;;56169;580951.01;1066701.36;2018-01-25T00:00:00
78408695;580481;Králíky;;;;;72559;Králíky;625990;Pøedmìstí;è.p.;217;;;56169;578491.30;1063763.19;2018-06-06T00:00:00
78714303;580481;Králíky;;;;;133809;Prostøední Lipka;;;è.p.;132;;;56169;577065.43;1061476.53;2018-09-27T00:00:00
78715717;580481;Králíky;;;;;72559;Králíky;625841;Pivovarská;è.p.;1126;;;56169;576926.33;1062812.68;2018-09-25T00:00:00
78716501;580481;Králíky;;;;;43362;Horní Lipka;;;è.ev.;25;;;56169;575249.18;1059413.48;2018-09-25T00:00:00
78771862;580481;Králíky;;;;;72559;Králíky;625825;Luèní;è.p.;888;;;56169;577812.75;1063764.39;2018-10-16T00:00:00
78971594;580481;Králíky;;;;;72559;Králíky;625841;Pivovarská;è.p.;1127;;;56169;576915.18;1062791.49;2018-12-11T00:00:00
79058264;580481;Králíky;;;;;133809;Prostøední Lipka;;;è.p.;17;;;56169;578075.38;1060962.30;2019-01-15T00:00:00
79208321;580481;Králíky;;;;;72559;Králíky;626058;Slunná stráò;è.p.;1021;;;56169;576860.07;1063278.38;2019-03-14T00:00:00
79293981;580481;Králíky;;;;;28720;Dolní Boøíkovice;;;è.p.;77;;;56169;580455.40;1065106.33;2019-04-25T00:00:00
79339875;580481;Králíky;;;;;72559;Králíky;2263203;Pod Skalkou;è.p.;1008;;;56169;576521.52;1063444.18;2019-05-06T00:00:00
79463266;580481;Králíky;;;;;133809;Prostøední Lipka;;;è.p.;35;;;56169;576704.31;1061937.43;2019-06-17T00:00:00
79531211;580481;Králíky;;;;;43362;Horní Lipka;;;è.p.;140;;;56169;575033.54;1059152.79;2019-07-04T00:00:00
79941567;580481;Králíky;;;;;133809;Prostøední Lipka;;;è.p.;59;;;56169;578515.47;1061191.10;2019-10-09T00:00:00
79956131;580481;Králíky;;;;;72559;Králíky;625841;Pivovarská;è.p.;1120;;;56169;576981.38;1062915.01;2019-10-10T00:00:00
79956815;580481;Králíky;;;;;72559;Králíky;2263203;Pod Skalkou;è.p.;1050;;;56169;576426.07;1063484.01;2023-01-10T00:00:00
80183174;580481;Králíky;;;;;72559;Králíky;626058;Slunná stráò;è.p.;1022;;;56169;576875.03;1063241.51;2019-12-19T00:00:00
80268421;580481;Králíky;;;;;133809;Prostøední Lipka;;;è.p.;73;;;56169;577406.33;1061209.30;2020-01-22T00:00:00
80641041;580481;Králíky;;;;;72559;Králíky;626147;Zahradní;è.p.;31;;;56169;576466.74;1063670.38;2020-05-21T00:00:00
80660037;580481;Králíky;;;;;72559;Králíky;2263203;Pod Skalkou;è.p.;1053;;;56169;576353.84;1063474.23;2020-05-25T00:00:00
80805523;580481;Králíky;;;;;72559;Králíky;626058;Slunná stráò;è.p.;1023;;;56169;576885.58;1063217.85;2020-06-15T00:00:00
80886515;580481;Králíky;;;;;72559;Králíky;2263203;Pod Skalkou;è.p.;1007;;;56169;576497.86;1063466.07;2020-06-29T00:00:00
80887091;580481;Králíky;;;;;72559;Králíky;626058;Slunná stráò;è.p.;1020;;;56169;576844.47;1063310.01;2020-06-29T00:00:00
80946747;580481;Králíky;;;;;72559;Králíky;625990;Pøedmìstí;è.p.;204;;;56169;578514.68;1063713.46;2020-07-13T00:00:00
81049315;580481;Králíky;;;;;72559;Králíky;2263203;Pod Skalkou;è.p.;1015;;;56169;576689.08;1063313.62;2020-08-04T00:00:00
81376081;580481;Králíky;;;;;72559;Králíky;625841;Pivovarská;è.p.;165;;;56169;577158.19;1063266.31;2020-12-16T00:00:00
81612010;580481;Králíky;;;;;72559;Králíky;625710;Høbitovní;è.p.;644;;;56169;577518.09;1063843.98;2021-03-30T00:00:00
81907656;580481;Králíky;;;;;43362;Horní Lipka;;;è.p.;10;;;56169;575594.77;1060153.28;2021-06-29T00:00:00
81927002;580481;Králíky;;;;;43362;Horní Lipka;;;è.ev.;14;;;56169;574862.13;1058382.65;2021-06-25T00:00:00
82054088;580481;Králíky;;;;;72559;Králíky;625990;Pøedmìstí;è.p.;950;;;56169;578375.10;1063796.68;2021-08-30T00:00:00
82054126;580481;Králíky;;;;;72559;Králíky;625990;Pøedmìstí;è.p.;951;;;56169;578369.31;1063798.17;2021-08-30T00:00:00
82223513;580481;Králíky;;;;;72541;Dolní Hedeè;;;è.p.;11;;;56169;575029.32;1065074.30;2021-11-02T00:00:00
82224391;580481;Králíky;;;;;133795;Heømanice;;;è.p.;45;;;56169;575396.31;1057956.30;2021-11-02T00:00:00
82364567;580481;Králíky;;;;;28720;Dolní Boøíkovice;;;è.p.;98;;;56169;580356.76;1064612.57;2022-01-03T00:00:00
82673144;580481;Králíky;;;;;72559;Králíky;2263203;Pod Skalkou;è.p.;1043;;;56169;576576.29;1063362.62;2022-02-28T00:00:00
82726523;580481;Králíky;;;;;72532;Èervený Potok;;;è.p.;5;;;56169;573557.19;1061999.62;2022-03-09T00:00:00
82763518;580481;Králíky;;;;;72559;Králíky;625680;Hedeèská;è.p.;83;;;56169;575613.26;1063609.21;2022-03-22T00:00:00
83063358;580481;Králíky;;;;;133795;Heømanice;;;è.p.;24;;;56169;576587.34;1058690.81;2022-06-22T00:00:00
83157409;580481;Králíky;;;;;72559;Králíky;2263203;Pod Skalkou;è.p.;1041;;;56169;576620.74;1063323.47;2022-07-25T00:00:00
83241027;580481;Králíky;;;;;28720;Dolní Boøíkovice;;;è.p.;44;;;56169;580366.05;1065237.98;2022-08-31T00:00:00
84574071;580481;Králíky;;;;;72559;Králíky;713244;Ke Skalce;è.p.;1054;;;56169;576333.88;1063446.70;2022-11-28T00:00:00
84600659;580481;Králíky;;;;;43362;Horní Lipka;;;è.ev.;26;;;56169;575657.73;1060164.74;2022-12-08T00:00:00
84620676;580481;Králíky;;;;;133809;Prostøední Lipka;;;è.p.;44;;;56169;576690.12;1061891.93;2022-12-15T00:00:00
84920947;580481;Králíky;;;;;72532;Èervený Potok;;;è.p.;85;;;56169;573438.97;1062004.15;2023-02-02T00:00:00
84950391;580481;Králíky;;;;;72532;Èervený Potok;;;è.p.;22;;;56169;573907.71;1062143.18;2023-02-13T00:00:00
84968036;580481;Králíky;;;;;43362;Horní Lipka;;;è.ev.;15;;;56169;573994.07;1057442.34;2023-02-20T00:00:00
84975156;580481;Králíky;;;;;133809;Prostøední Lipka;;;è.p.;102;;;56169;577774.77;1061170.07;2023-02-21T00:00:00
85189855;580481;Králíky;;;;;72559;Králíky;625680;Hedeèská;è.p.;900;;;56169;575646.62;1063557.81;2023-05-17T00:00:00
85189901;580481;Králíky;;;;;72559;Králíky;625680;Hedeèská;è.p.;901;;;56169;575606.45;1063539.97;2023-05-17T00:00:00
85655384;580481;Králíky;;;;;72559;Králíky;2263203;Pod Skalkou;è.p.;1003;;;56169;576314.56;1063483.42;2023-10-13T00:00:00
85833096;580481;Králíky;;;;;72532;Èervený Potok;;;è.p.;91;;;56169;573454.45;1062020.88;2023-12-05T00:00:00
85847186;580481;Králíky;;;;;72559;Králíky;625931;Nádražní;è.p.;510;;;56169;576965.61;1063824.58;2023-12-08T00:00:00
85864706;580481;Králíky;;;;;72559;Králíky;625841;Pivovarská;è.p.;1123;;;56169;576980.25;1062822.70;2023-12-14T00:00:00
85961825;580481;Králíky;;;;;29581;Dolní Lipka;;;è.p.;17;;;56169;579133.48;1061260.42;2024-02-07T00:00:00
85969885;580481;Králíky;;;;;72532;Èervený Potok;;;è.p.;96;;;56169;573501.43;1061890.18;2024-02-02T00:00:00
85972185;580481;Králíky;;;;;72559;Králíky;2263203;Pod Skalkou;è.p.;1045;;;56169;576534.55;1063399.72;2024-02-02T00:00:00
86120611;580481;Králíky;;;;;72559;Králíky;2263203;Pod Skalkou;è.p.;1052;;;56169;576372.91;1063485.06;2024-04-10T00:00:00
86253298;580481;Králíky;;;;;133809;Prostøední Lipka;;;è.p.;53;;;56169;576791.28;1061904.05;2024-06-07T00:00:00
86445375;580481;Králíky;;;;;72532;Èervený Potok;;;è.p.;11;;;56169;573389.41;1062140.37;2024-08-09T00:00:00
86445723;580481;Králíky;;;;;133795;Heømanice;;;è.p.;33;;;56169;576671.40;1058603.08;2024-08-08T00:00:00
86640321;580481;Králíky;;;;;72532;Èervený Potok;;;è.p.;92;;;56169;573470.82;1061987.69;2024-11-18T00:00:00
86640879;580481;Králíky;;;;;72559;Králíky;2263203;Pod Skalkou;è.p.;1048;;;56169;576476.06;1063453.25;2024-11-18T00:00:00
86657739;580481;Králíky;;;;;28720;Dolní Boøíkovice;;;è.p.;99;;;56169;580338.82;1064244.75;2024-11-27T00:00:00
86675044;580481;Králíky;;;;;72532;Èervený Potok;;;è.p.;33;;;56169;573923.35;1062174.74;2024-12-04T00:00:00
86797590;580481;Králíky;;;;;133809;Prostøední Lipka;;;è.p.;71;;;56169;577541.19;1061166.60;2025-02-06T00:00:00
86797875;580481;Králíky;;;;;133809;Prostøední Lipka;;;è.p.;70;;;56169;577527.25;1061132.33;2025-02-06T00:00:00
86877836;580481;Králíky;;;;;72559;Králíky;626058;Slunná stráò;è.p.;1025;;;56169;576906.44;1063163.37;2025-03-19T00:00:00
86972456;580481;Králíky;;;;;43362;Horní Lipka;;;è.p.;74;;;56169;575804.28;1060383.15;2025-04-08T00:00:00
87056411;580481;Králíky;;;;;28720;Dolní Boøíkovice;;;è.ev.;3;;;56169;581066.55;1064824.42;2025-06-09T00:00:00
87056640;580481;Králíky;;;;;28720;Dolní Boøíkovice;;;è.ev.;4;;;56169;581047.30;1064828.66;2025-06-09T00:00:00
87075008;580481;Králíky;;;;;72559;Králíky;2263203;Pod Skalkou;è.p.;1013;;;56169;576635.89;1063350.15;2025-06-12T00:00:00
87102633;580481;Králíky;;;;;72559;Králíky;625680;Hedeèská;è.p.;899;;;56169;575720.23;1063582.23;2025-06-10T00:00:00
87118424;580481;Králíky;;;;;43362;Horní Lipka;;;è.p.;88;;;56169;575665.03;1059860.35;2025-06-18T00:00:00
87306352;580481;Králíky;;;;;43362;Horní Lipka;;;è.ev.;27;;;56169;574280.28;1058184.72;2025-10-03T00:00:00
87306484;580481;Králíky;;;;;43362;Horní Lipka;;;è.ev.;28;;;56169;574297.23;1058168.01;2025-10-03T00:00:00
87306514;580481;Králíky;;;;;43362;Horní Lipka;;;è.ev.;29;;;56169;574313.66;1058150.03;2025-10-03T00:00:00
87654032;580481;Králíky;;;;;72559;Králíky;625787;Karla Èapka;è.p.;587;;;56169;576381.52;1064565.40;2026-02-24T00:00:00
87688794;580481;Králíky;;;;;72541;Dolní Hedeè;;;è.p.;50;;;56169;575048.89;1063731.56;2026-02-24T00:00:00
